Plate IFU
8727 3703
8454 12705
8948 1901
7992 3701
8626 12701
9196 1901
8154 3704
8155 1901
8084 1902
8137 1902
8140 3702
8143 3703
8243 3701
8483 9101
8618 6102
7977 3701
8247 3704
8938 1902
8992 3701
8992 3704
9184 3701
9184 1902
8456 1902
8999 9101
8946 1901
8613 3701
9085 3701
8623 3702
8623 6102
7964 3702
8616 1902
8995 3703
9870 1902
8312 1901
8250 1902
8319 3702
8325 1901
8326 3701
8329 1901
8980 1902
8591 3702
8253 1902
9028 3702
8568 1902
8254 3701
8946 3703
8259 1901
8318 1901
9492 3702
8715 3703
8716 9101
9491 6102
8330 1901
8323 6103
8446 1902
8554 1901
8311 1901
8320 1901
9194 6102
9881 3704
