Plate IFU
8439 6104
9502 9101
9043 12703
8443 6101
7992 12702
8625 6103
8611 6101
9196 12702
9194 3704
8137 6103
8143 6103
10001 6103
8158 12704
9181 12701
9183 6104
8482 12704
8555 6104
7815 6102
8549 9101
8613 3702
8995 12703
9864 3702
8597 3704
9184 9101
9031 3704
9036 3703
8312 9102
8604 6102
9883 6101
8440 9101
8247 9102
8247 6103
9510 6104
8591 6101
8591 3701
8547 9101
8551 3703
8454 6102
9039 1902
8568 1901
8253 9101
8946 9102
8261 12701
9047 1901
9497 12705
9507 9101
9002 12703
9045 6103
9888 3703
9050 3701
8552 9102
7443 6104
8566 6101
9891 3704
9043 3702
9043 12702
8133 12704
8715 3701
9500 3704
8330 12705
8241 6104
8483 12703
7958 9102
8131 12702
8939 9101
8461 12701
8322 3702
8466 3701
8595 12704
