Plate IFU
8158 3701
8611 1902
7991 3704
7990 3701
8077 3701
8153 12703
9193 1902
8084 6104
8141 3704
8721 1901
8728 3701
9512 3702
8725 3704
8548 12705
8078 1902
8717 6101
8549 3704
8978 3704
8247 3703
8250 9102
8149 1901
8149 3702
8948 3702
8997 1902
8992 6102
8997 3703
8461 1902
8993 3703
7958 3703
7960 6104
9085 6104
7968 9102
8616 6101
9034 6103
8146 3701
8604 6104
8440 3701
8247 6101
8941 3704
9509 1902
8325 1902
9037 1902
9035 1901
8466 6102
8464 1902
8254 3703
8262 6102
8465 1902
8552 1902
8135 6104
8566 3702
8134 3704
9002 3701
8712 1901
9490 1901
9488 3702
9502 3704
8568 3701
8568 12701
8445 12702
9494 1902
8554 1902
8985 1902
8932 12703
9876 1902
8952 9101
9881 1901
7495 3704
8458 6104
8330 6103
9029 9101
