Plate IFU PA_Ha PA_Ha_Error Ha_Vsyst PA_Stellar PA_Stellar_Error Stellar_Vsyst PA_drpall
9042 3704 999999.0 999999.0 999999.0 999999.0 999999.0 999999.0 146.48500061035156
8439 6104 285.5 0.5 18.06109994782789 6.5 2.25 18.062142764791915 52.16299819946289
9502 9101 57.5 0.75 25.331956176054987 276.5 0.5 -4.342155456542969 92.68689727783203
8943 12705 999999.0 999999.0 999999.0 999999.0 999999.0 999999.0 21.239700317382812
8274 12705 141.5 2.25 78.58764084544006 180.5 1.0 105.40294314161386 156.19000244140625
9043 12703 119.0 1.5 -76.7606855444686 158.5 4.0 -18.908999660958774 87.11009979248047
8727 3703 128.0 0.5 -182.68642376259444 150.5 0.5 -193.60348395147003 132.8699951171875
8612 1901 45.0 0.75 -279.2142259506952 35.0 0.5 -319.5341935407105 146.5659942626953
9044 6104 999999.0 999999.0 999999.0 999999.0 999999.0 999999.0 59.15879821777344
8482 1901 317.5 2.75 0.0 271.0 31.75 14.390541972015594 118.46499633789062
8443 6101 213.0 2.0 55.78702846525894 65.0 4.25 27.822759386695516 60.93989944458008
8454 12705 55.5 1.75 -33.68378073861086 172.0 18.500000000000007 -43.294845598823194 88.74739837646484
8256 12705 321.0 0.5 84.53510654858172 332.5 3.5 102.85490914067456 156.19000244140625
8948 1901 184.5 4.25 103.14712706593247 20.0 3.0 58.554952209173855 20.30109977722168
8158 3701 299.0 1.75 39.40185168890582 288.0 1.5 32.60757321696077 109.99199676513672
7992 12702 274.0 1.0 2.3473080445434107 42.0 5.25 2.46536000569661 19.058700561523438
7992 3701 130.0 0.75 -15.207227336814277 332.0 6.25 0.13482238155187787 157.322998046875
7992 12705 223.5 2.5 35.985620374770306 180.0 43.75 26.46986025571823 18.096599578857422
8611 1902 224.5 3.0 11.89776806289072 226.5 3.5 11.795627638768238 46.183101654052734
7991 3704 163.5 1.5 19.85534496131973 160.0 2.5 15.994042866813594 162.41299438476562
7990 3701 280.5 1.75 21.19916181560221 272.0 6.5 19.71731955458057 91.21389770507812
8625 6103 201.0 1.0 59.31727026666552 55.5 16.25 17.443050102248936 177.5330047607422
8626 12701 2.5 0.75 60.673839219772326 240.0 2.75 71.51133728027344 107.89700317382812
7990 12705 119.5 0.5 0.0 179.0 3.500000000000006 -9.410526031534589 108.99299621582031
9196 1901 293.0 2.75 29.415419246725435 109.5 2.75 11.27572372535036 109.4729995727539
8611 6101 183.0 1.25 -4.201469026847853 57.0 4.0 13.665767844896564 56.950599670410156
9196 12702 351.0 0.5 3.969041877454689 7.0 0.5 -3.6174116473236424 2.0418100357055664
8655 9101 999999.0 999999.0 999999.0 999999.0 999999.0 999999.0 45.60940170288086
8153 9101 69.0 0.5 -19.500540474055057 79.5 11.75 -0.805649640743102 86.0457992553711
8153 6104 61.0 0.5 -44.446707688658606 39.5 4.5 4.927600490252857 56.29750061035156
8077 3701 259.0 2.25 10.17576578254009 262.5 2.25 6.495532427980855 64.6239013671875
8153 12703 103.0 0.5 5.77049176171902 317.0 2.75 2.57585885380332 154.03399658203125
8077 1901 999999.0 999999.0 999999.0 999999.0 999999.0 999999.0 71.80860137939453
8077 6101 102.0 1.75 20.829864648004374 139.5 28.25 1.1120163088399773 60.27510070800781
8077 1902 5.5 0.5 0.0 310.0 3.0 13.328887258298977 129.24200439453125
8154 6103 111.5 2.0 20.48774886510054 131.0 9.5 8.5600391206192 119.83799743652344
8154 3704 256.5 2.75 -13.052888870239258 278.5 2.75 -8.363058791765383 100.86499786376953
8081 12701 96.0 0.75 -9.885729469375292 86.5 3.0 -1.1842566573245277 53.2317008972168
9194 3704 202.5 0.5 21.691965776333866 108.0 17.75 3.5217998145066707 67.96399688720703
9194 1902 999999.0 999999.0 999999.0 999999.0 999999.0 999999.0 34.707000732421875
9193 1902 246.0 0.5 30.586097551905127 239.5 3.5 26.485570932932156 57.36109924316406
8082 1901 311.5 4.5 9.581177471530015 191.5 89.75 4.746942789577508 163.0229949951172
8081 3702 262.5 1.25 9.36810278083784 182.5 44.50000000000001 8.428599540007973 176.6439971923828
8083 3701 171.0 51.75 1.4469365837455666 193.5 89.0 4.769961313053734 122.0999984741211
8083 1902 325.0 0.5 40.939586213031674 295.0 15.0 14.069067903040093 102.89399719238281
8084 6104 189.5 9.0 16.22665397234286 198.5 3.5 17.7068354256441 14.451800346374512
8155 1901 98.5 1.0 17.364694055827897 286.5 18.5 2.695743823105417 85.95120239257812
8084 1902 218.0 15.0 9.51352628682208 316.5 11.5 0.09819588288142711 137.25999450683594
8135 6102 210.5 0.5 -11.055940806443584 228.0 3.0 0.6278269881924814 33.42729949951172
8137 1902 11.5 0.75 0.0 179.5 5.2500000000000036 11.081359547144409 177.11900329589844
8137 6103 289.5 0.5 17.008787476699496 182.5 3.5 24.31860154820226 3.764470100402832
8137 3701 16.5 2.75 12.239152104102544 359.0 2.4999999999999964 13.153955110175929 178.21400451660156
8140 3702 304.0 4.0 9.72391298370902 122.0 5.0 13.278497390952076 108.31999969482422
8713 3703 15.5 5.75 -6.734074588684587 130.0 89.5 0.04421324561177542 101.6969985961914
8143 1902 300.5 22.75 17.70493706319884 54.0 14.25 10.743826488441664 52.857200622558594
8141 3704 227.0 2.75 12.3901945910984 226.0 5.25 10.00154846099528 49.65549850463867
8143 6103 285.5 0.5 0.0 314.0 2.0 1.622667217783004 108.83100128173828
8143 3703 328.0 1.25 6.003967982661319 127.0 7.5 -1.0533327140119972 133.46800231933594
8143 6104 26.5 1.5 13.195957523679649 25.5 4.75 -2.2819386525253087 20.395599365234375
8243 3701 229.5 3.75 -43.86541688254779 193.5 5.75 11.922207832336426 17.962499618530273
10001 6103 218.5 14.5 17.507899514444887 252.0 4.25 13.170451609898677 32.074501037597656
8721 1901 123.5 7.5 37.23594219636959 96.0 11.5 22.07302914663385 127.27899932861328
8728 3701 154.0 2.5 -6.232832849881319 174.5 3.75 15.473168154162579 5.265379905700684
8158 12704 123.0 0.5 -339.58880615234375 186.5 11.000000000000002 10.505330757908776 13.01259994506836
8158 12703 224.0 0.5 67.68318900305773 246.0 44.0 0.5928320249112673 109.9530029296875
9512 3702 129.0 2.25 21.024696508773815 127.5 2.75 10.635017150742868 129.39500427246094
9512 3701 335.0 1.75 5.132988848958675 248.5 89.75 6.571974922422982 28.389400482177734
9512 1901 999999.0 999999.0 999999.0 999999.0 999999.0 999999.0 120.6050033569336
9512 6102 164.5 2.5 7.186922301278457 178.5 3.999999999999998 11.262954711914062 133.7550048828125
9512 12703 217.0 0.5 60.36151027275185 282.5 79.5 22.143169194678244 17.2007999420166
9512 12702 67.5 0.5 16.151563554129154 288.5 9.25 9.018176509304153 35.74359893798828
10001 9102 140.5 0.5 2.2563111544825603 122.0 3.0 -13.490318991476954 115.74500274658203
9181 12701 14.0 0.5 26.59699047993763 313.5 0.5 0.0 86.49829864501953
9181 12704 204.0 0.5 28.8706873406546 285.5 9.25 4.227268229476847 5.4864301681518555
9183 6104 130.5 0.5 -11.490143589327616 111.5 4.0 -9.150353959482512 117.12999725341797
9182 3703 178.0 1.5 1.379014689963455 169.5 3.25 -3.0349356251547235 169.4810028076172
8725 1902 171.5 0.75 -93.66305163092387 23.5 40.50000000000001 4.8227104512333225 64.31649780273438
8725 6101 16.0 12.249999999999996 4.7558449279624 358.5 7.000000000000007 13.766544342041016 169.25
8725 3704 186.5 0.5 2.652845050846963 242.0 10.75 1.00722438722212 6.230820178985596
8725 12703 357.0 0.5 -2.4467156852804877 299.0 89.75 1.2679971601123525 135.79600524902344
8548 3701 252.5 2.75 30.31435961284557 248.5 6.0 14.653231337948718 78.1886978149414
8482 12704 158.5 0.5 68.26080942562857 224.0 12.25 43.23104882132498 87.28949737548828
8548 12705 162.0 0.5 1.127101678430094 160.0 5.25 8.26228266954422 143.64700317382812
8483 9101 125.5 1.5 9.90353587651162 272.0 2.0 12.948902111723914 86.94419860839844
9026 12701 6.0 2.75 35.64769466089899 9.0 1.25 22.340276116993017 8.462220191955566
8555 6104 333.0 0.5 4.26988590820401 76.5 9.0 6.941969127853287 36.124900817871094
8612 6101 167.0 1.25 32.53140831721126 162.5 1.25 29.919656398681866 163.59100341796875
8078 1902 258.5 1.25 18.316257797064907 255.0 8.75 9.39623957218366 106.45999908447266
8156 9101 67.0 0.5 0.0 181.5 68.00000000000001 5.658491803093806 111.61299896240234
8618 6102 22.0 9.75 3.9126304877501443 252.0 4.0 1.7020746357992635 66.73030090332031
8618 12705 197.0 0.5 96.13976008233455 355.5 40.5 19.97570514678955 149.7469940185547
8618 6104 310.0 0.5 18.451227762697812 312.5 2.0 6.085483382560625 132.1179962158203
7815 6102 246.5 1.0 -17.583952794806187 256.5 20.0 8.49510249047352 175.1790008544922
7977 12702 148.5 4.75 0.0 304.5 3.5 0.0 9.928770065307617
7977 3701 243.0 3.75 -13.551746583725148 57.5 6.0 -8.757576516589623 59.060001373291016
8977 3701 179.5 0.5 0.0 9.0 3.0 7.61861869107922 157.36900329589844
8717 6101 15.5 1.25 0.0 342.0 4.0 -6.817820668953232 162.44900512695312
8717 12702 220.5 1.75 17.039766418176555 322.0 8.25 16.000638701827793 43.641300201416016
9486 6103 999999.0 999999.0 999999.0 999999.0 999999.0 999999.0 84.22889709472656
8549 9101 83.5 0.5 53.51662610964814 66.5 8.5 -2.8399282081388506 176.7830047607422
8549 3704 143.0 0.5 45.118270983995046 141.5 2.0 34.22069305440269 141.22000122070312
9029 9102 248.0 0.75 72.43870374932052 73.5 38.25 3.463623987331955 130.19400024414062
8555 9101 999999.0 999999.0 999999.0 999999.0 999999.0 999999.0 79.91549682617188
8555 3701 188.0 2.75 5.375302308071248 213.0 2.0 -19.547971938239854 15.10990047454834
8555 3702 999999.0 999999.0 999999.0 999999.0 999999.0 999999.0 0.7929990291595459
8978 3704 92.0 1.5 -12.88168792711387 113.0 4.75 -17.45530890161458 126.90699768066406
9869 3701 318.5 28.25 15.868657470461134 231.0 7.75 12.02688032608177 46.503700256347656
8613 3702 152.0 0.5 30.471334918778133 326.5 14.75 17.67758473937726 135.48300170898438
8606 3704 73.0 10.75 5.052211415312016 92.5 26.75 4.890460380729124 79.45390319824219
8247 3704 71.0 3.25 2.097405252312054 143.0 4.75 6.558106143438565 136.947998046875
8247 3703 9.5 3.25 13.732122376744677 8.5 2.75 15.958439366261572 6.033390045166016
8250 9102 43.5 0.5 1.8957138126387747 50.5 2.75 -20.894343949114383 53.168399810791016
8149 1901 295.5 8.75 12.967782171327627 302.0 23.0 9.203531205358217 123.79399871826172
8149 3702 13.0 1.75 13.916678228295396 32.5 5.0 1.175316486760238 28.23579978942871
8938 1902 202.0 0.5 -5.01142500559088 306.5 4.5 0.0 130.43299865722656
8938 9102 320.0 1.0 54.05401228723312 334.0 3.5 30.953888564764874 153.21099853515625
8948 3702 204.5 3.75 9.127227769869833 206.5 5.25 8.812612551339154 3.289180040359497
8999 3703 999999.0 999999.0 999999.0 999999.0 999999.0 999999.0 141.51499938964844
8997 1902 357.5 2.4999999999999964 10.999153691996835 347.5 3.0 17.798722094534412 164.0850067138672
8992 3701 222.5 2.5 16.550951122618727 268.0 3.0 3.590113019321853 76.12470245361328
8992 6102 281.0 9.5 25.929122924804688 313.5 1.75 5.597166195643048 133.13099670410156
8992 12705 13.5 0.5 -87.03927757739493 163.0 4.75 -1.0313988115391055 159.17300415039062
8997 3703 305.5 8.0 -3.9066440079234948 310.0 6.5 -13.251785601703741 153.8509979248047
8992 3704 179.0 2.750000000000006 13.454129760121418 356.5 6.2500000000000036 3.484043749134536 169.71499633789062
8991 1902 999999.0 999999.0 999999.0 999999.0 999999.0 999999.0 158.57699584960938
8936 3704 68.5 19.5 -10.40692601865075 235.5 77.0 5.728956765561944 74.34290313720703
9184 3701 12.5 1.5 13.415733404568826 195.0 2.75 12.099353790283203 12.83810043334961
9184 1902 319.0 0.5 347.4687571604594 251.0 1.25 25.77874053148041 140.8820037841797
8249 6103 2.0 8.750000000000004 18.43914382797464 14.0 21.500000000000007 11.870053918729297 62.503700256347656
8941 9101 338.5 15.0 -7.222774420033485 306.5 16.5 -0.8382668859845213 113.36699676513672
8940 3702 5.5 17.250000000000007 34.900068349835266 54.0 12.5 7.503703756209617 60.59619903564453
8461 1902 353.0 5.0 11.831542730331421 81.5 12.5 10.908112940716226 85.4447021484375
8461 6104 305.0 0.5 11.936885184113907 199.0 15.5 7.761671016892098 6.103030204772949
8456 1902 221.0 16.5 19.02436942816408 120.5 4.25 19.15360589212873 118.56800079345703
8456 6103 288.5 0.5 18.811030250988214 104.0 4.5 29.384828997374022 107.82499694824219
8454 9101 248.5 2.0 3.0790983231684095 248.0 1.5 -0.5293725923783725 69.69560241699219
8453 3703 249.0 1.0 6.633072030946986 198.0 89.25 -0.3237629525648211 149.0070037841797
8993 3703 226.5 1.25 23.03409415964404 225.5 2.0 20.966573000402356 63.90879821777344
8999 9101 73.5 2.75 0.0 3.0 4.500000000000007 4.327989684521789 3.3805201053619385
8946 1901 213.5 7.25 9.811810316937752 279.0 3.75 12.611041857398043 103.58300018310547
8613 3701 142.5 5.25 19.37346018078418 195.0 35.75 4.748918356968128 156.9810028076172
8613 6102 135.5 0.5 -98.28117062178066 47.5 5.75 -14.782760558034946 56.76620101928711
9185 1901 296.0 15.5 10.881027791834107 60.5 89.75 -8.621395826339722 151.7209930419922
7958 3703 280.0 2.0 7.82004570114011 281.0 2.5 6.483818084705472 106.53600311279297
7960 1902 267.5 0.5 150.88825445612724 142.5 6.25 22.55328915258274 169.0959930419922
7960 3701 135.5 8.25 22.292175915026874 141.0 5.0 6.4982190324489775 136.1060028076172
7960 6104 289.0 0.5 23.17169321453781 251.5 4.5 9.000727719962171 171.45799255371094
7962 3704 127.0 0.75 0.0 7.5 6.25 15.013205495854564 9.578949928283691
7962 1902 999999.0 999999.0 999999.0 999999.0 999999.0 999999.0 126.07099914550781
9085 3701 268.5 5.0 11.690434959196935 252.5 5.0 16.27386248083262 74.95890045166016
9085 6104 7.0 3.25 1.4338014465699374 344.0 4.25 -4.027191162109375 160.93699645996094
7962 9102 275.0 1.75 36.73812483669846 207.5 17.75 24.239531650482846 76.38870239257812
8623 3702 49.5 9.5 4.895217971946536 231.5 4.5 7.113606503965826 50.74259948730469
8623 6102 76.5 0.75 14.391504951800211 331.5 9.0 10.661267094444797 131.2239990234375
7964 3702 161.0 0.5 59.21732071696694 245.5 3.0 6.6113213763702845 80.404296875
7964 1902 88.5 37.5 -3.3031517687328007 46.5 89.75 4.619179647662855 141.36000061035156
7968 9102 203.0 1.25 28.618773742179343 246.5 7.25 9.115614922589755 84.8281021118164
8616 6101 153.5 2.5 30.58754019020553 169.5 2.0 17.065776419736338 165.86199951171875
8616 1902 175.0 3.75 9.41930235323268 139.5 2.75 5.660330678207643 135.8820037841797
8616 12701 151.5 0.5 7.978530436270248 358.0 0.5 6.751799429186116 155.07000732421875
7968 3703 253.0 3.75 25.57071383280322 258.0 3.0 30.11798931267475 75.50199890136719
9000 12701 275.0 0.5 17.202070704272018 234.0 6.75 7.496970176696777 13.809499740600586
9000 3702 203.0 0.5 11.98010372635295 328.0 29.25 13.552784299103557 160.4340057373047
9000 6104 999999.0 999999.0 999999.0 999999.0 999999.0 999999.0 24.553600311279297
8995 3703 185.0 0.5 -0.3393510173884522 357.0 4.4999999999999964 -11.237376518267386 161.61500549316406
8995 12703 299.5 2.0 -42.01927658083103 263.0 13.0 24.30448807928713 137.19700622558594
8309 6102 999999.0 999999.0 999999.0 999999.0 999999.0 999999.0 178.76800537109375
8309 12704 219.5 0.5 0.0 298.0 16.25 23.716700854719882 163.20700073242188
9864 3702 186.5 3.0 24.255922777875227 269.0 7.0 17.587418286403782 74.21109771728516
9864 1902 256.5 2.75 24.857242461336924 109.5 22.5 12.455278689622183 125.48999786376953
8591 1902 999999.0 999999.0 999999.0 999999.0 999999.0 999999.0 148.31300354003906
9864 12705 333.0 0.5 0.0 345.0 3.25 -10.716703617492584 167.39999389648438
9865 9101 350.5 7.25 45.21005818327539 211.0 13.75 18.72114881664716 159.0970001220703
8597 3704 141.0 0.5 79.76395451228554 238.0 10.0 12.59398145100457 46.858001708984375
8597 3703 214.5 1.75 13.639146219987246 223.5 2.0 -0.40931572563775376 38.89630126953125
9034 6103 230.5 4.25 21.12120917283689 234.0 2.75 14.232402826654322 57.30839920043945
9870 1902 14.5 25.25 -14.51437235303286 248.0 11.75 3.885161444510871 67.31529998779297
9037 1901 25.5 6.25 -6.033732533454895 18.0 27.000000000000004 1.7337771235398483 96.06449890136719
8146 3701 47.5 3.75 20.072830209944257 51.0 4.0 18.022272745768234 45.605499267578125
8938 1901 999999.0 999999.0 999999.0 999999.0 999999.0 999999.0 8.881199836730957
9184 9101 351.0 0.5 143.94777530801252 277.5 59.00000000000001 64.83619231051406 171.21099853515625
8592 1901 999999.0 999999.0 999999.0 999999.0 999999.0 999999.0 30.528900146484375
8592 12703 249.0 1.0 31.93594688794417 211.5 89.5 2.3961899280548096 152.45899963378906
8486 3702 234.0 89.75 7.989213909599977 134.0 10.5 -0.6713464160206639 129.41600036621094
9031 3704 168.5 0.75 18.63332391004978 235.5 4.0 20.073590561144385 65.68479919433594
9036 3703 161.5 0.5 22.26585952923152 238.0 2.5 30.867002888006326 65.68479919433594
8550 1902 35.5 0.5 0.0 160.0 4.0 7.091626991315927 158.47000122070312
8312 9102 331.0 0.5 19.476980719571543 5.0 4.25 17.454737067247834 175.50599670410156
8604 6104 290.0 2.5 27.15563021963554 268.0 7.75 16.73133135011664 87.0238037109375
8312 1901 299.0 29.75 -1.0794183727531799 303.5 9.75 0.3903893598943853 124.0469970703125
8604 6102 11.0 1.0 7.890639396956175 173.0 12.500000000000007 11.351916410859541 73.56780242919922
9883 6101 28.0 1.25 86.77221205966714 46.5 8.0 47.10608094930649 34.098899841308594
8440 3701 319.0 0.75 -7.440120306919553 316.0 4.5 5.404726404912271 135.41299438476562
8440 9101 0.5 0.5 22.515542661794086 339.0 2.0 -17.327570001580597 173.53900146484375
8440 12702 999999.0 999999.0 999999.0 999999.0 999999.0 999999.0 64.50050354003906
8247 6101 10.5 1.25 -8.619672524870763 25.5 14.75 0.39839449656019665 52.95610046386719
8247 9102 274.5 0.5 55.97033012931574 348.5 4.75 -6.390742778778076 129.4199981689453
8247 6103 73.5 1.0 33.02815782870703 241.5 1.5 -0.03942292779035128 59.39910125732422
8250 1902 203.0 0.5 1.6636622519863806 103.0 2.75 20.3890895273817 107.85399627685547
8458 9101 336.5 0.75 0.0 233.0 39.250000000000014 8.022325104084608 9.279500007629395
8726 6101 55.0 0.5 0.0 111.0 4.5 2.7739255065398964 71.84030151367188
8149 12705 226.0 0.5 -48.56838661636624 198.5 3.25 16.786103054591617 103.68599700927734
8942 3701 268.0 1.0 -4.262986723843142 257.0 2.0 7.940115430358702 78.77069854736328
8941 3704 91.0 4.25 7.104083857884717 83.5 6.5 9.848939888742525 91.28880310058594
9510 6104 50.5 0.5 -7.646857235238571 278.5 15.25 -17.275851368904114 142.93099975585938
9509 3701 999999.0 999999.0 999999.0 999999.0 999999.0 999999.0 149.85299682617188
9509 1902 106.0 6.5 -9.72972791733089 95.5 7.75 -4.037763275603275 113.02899932861328
8942 6101 23.5 9.75 -5.6659865023702904 329.0 30.000000000000004 0.7763717711052687 159.87100219726562
9510 3701 99.0 4.5 -2.9291091857141947 234.0 7.0 -7.08937200344608 49.87419891357422
8319 3702 86.5 0.5 0.0 156.0 3.75 6.5827647101670905 32.7859001159668
8319 6104 279.5 3.5 14.209823717695778 268.5 4.5 16.25683055085696 131.69200134277344
8325 6101 152.0 0.5 45.61060224067881 75.5 36.0 7.812212590100913 41.07740020751953
8325 1901 357.0 7.250000000000006 12.293261461280181 181.0 13.499999999999998 13.294247263063145 161.40899658203125
8325 1902 103.0 3.75 8.678726922949409 124.5 8.25 6.273003519585577 124.66000366210938
8329 1902 355.5 6.7499999999999964 9.536128384816905 171.0 28.250000000000004 14.055794552814445 115.58899688720703
8326 3701 242.5 2.5 30.562952808384182 83.0 4.5 17.994934617096334 93.643798828125
8329 1901 242.5 3.25 32.514748937228475 82.5 5.0 14.854006235953221 93.643798828125
8980 3701 126.0 3.25 12.602510607074315 340.5 35.75 11.159094386594518 28.16830062866211
8980 1902 353.5 1.0 28.432167204985 179.5 5.0000000000000036 17.388652967335897 3.204930067062378
8980 12703 313.5 0.5 0.12151568879536256 289.5 15.25 -7.607564461199359 135.39700317382812
9871 9102 999999.0 999999.0 999999.0 999999.0 999999.0 999999.0 9.344189643859863
8591 3702 344.5 1.5 32.796878785257206 168.0 6.0 2.3643045620709344 151.56500244140625
8591 6101 228.5 0.5 119.89696608225512 159.5 4.25 14.905320954225814 146.40499877929688
8591 3701 24.5 0.5 22.752456009960653 33.0 5.75 22.59395852634778 21.458599090576172
8547 9101 276.5 1.25 0.0 348.5 16.0 27.740909299122393 167.11099243164062
8595 1901 340.0 12.75 2.097350407443952 325.5 12.75 3.494219489471133 146.48800659179688
8592 3701 32.5 0.5 37.89608338372943 38.0 2.0 36.88345035116643 39.97060012817383
9865 12703 999999.0 999999.0 999999.0 999999.0 999999.0 999999.0 94.36470031738281
8551 3703 230.5 1.75 38.93707258611712 110.5 12.25 25.768465399858247 119.43699645996094
9037 6103 212.0 1.75 16.80281100986445 220.5 4.5 17.306942238703385 51.595401763916016
9037 1902 131.5 9.5 -1.2109639615787415 130.0 9.75 -0.3528298418637368 133.50999450683594
9035 1901 347.5 7.25 4.122854230065061 333.5 11.25 3.13736332565216 153.71499633789062
8551 3704 208.0 1.25 13.358235297624176 220.5 6.0 4.321615069000506 78.15280151367188
9036 1902 174.5 4.0 0.0 324.0 10.0 -0.20584487915039062 145.21400451660156
8335 9101 221.0 0.5 0.0 249.0 2.5 39.113583967043795 134.55599975585938
8454 6102 175.0 0.75 0.0 142.5 1.5 7.028191344917257 113.62899780273438
8454 1902 340.0 28.25 17.3454832039166 175.0 6.75 1.677485033575243 122.15599822998047
8455 12703 225.0 11.5 25.7120664715767 217.5 41.25 18.96006680207185 9.404080390930176
8253 1902 121.5 21.5 0.0 334.5 9.5 7.318939627534251 159.2740020751953
8258 6102 69.5 1.75 -36.51473003026342 67.5 1.75 -3.0657333094894987 68.82929992675781
8257 3701 172.5 1.75 18.149058872192327 179.5 6.750000000000002 17.977315701044848 175.75399780273438
8274 1902 266.5 5.25 0.030809139221097404 333.5 89.5 4.201946787543886 103.06600189208984
8451 1902 278.0 11.0 0.9244899906245791 148.0 89.75 -1.9240388463889533 103.06600189208984
8451 6104 281.5 2.5 -7.0949488688830655 301.5 21.25 4.743274290454524 177.90199279785156
8466 6102 333.5 3.25 32.628092514962404 355.5 3.0 11.532530666643673 179.71099853515625
8261 9101 131.0 0.5 36.34673265117431 134.5 2.75 33.567552303462634 134.17599487304688
8464 1901 999999.0 999999.0 999999.0 999999.0 999999.0 999999.0 151.96499633789062
8464 1902 177.5 8.250000000000004 5.392727687018123 160.5 9.75 1.7499309599309925 135.37399291992188
8317 12701 355.5 0.5 25.453329050531764 123.0 1.25 3.226085064231553 100.49800109863281
8318 12701 344.0 0.5 92.91773505760246 347.0 1.75 -6.764745648891989 159.8489990234375
8447 6102 999999.0 999999.0 999999.0 999999.0 999999.0 999999.0 136.86500549316406
9039 1902 188.5 3.25 14.809044870415036 349.0 1.75 19.552361801249788 165.49099731445312
9041 12705 185.5 0.5 0.0 82.5 0.5 262.12330737106015 45.239200592041016
9028 3702 198.0 8.0 14.020728202311403 19.0 5.75 16.616628701966846 16.95829963684082
9028 1901 198.5 0.5 23.566278672287126 222.0 9.5 12.76666971181849 41.00510025024414
8568 1902 105.0 0.5 3.5385283423206317 102.0 4.5 0.8725815666144285 99.18669891357422
8568 1901 31.0 2.25 15.421939748742261 323.0 3.75 19.033254897976217 150.72500610351562
8253 1901 169.0 19.0 -3.6197411750453696 229.5 36.0 -2.6412908038725984 88.6675033569336
8253 9101 343.0 0.5 36.500087027435725 154.0 2.5 0.0 155.7480010986328
8254 3701 340.0 0.5 25.792377471923828 303.0 5.75 23.283346686847217 130.7480010986328
8254 3703 21.0 16.5 0.0 61.0 8.75 -0.7056642450254884 66.19190216064453
8466 1901 144.0 14.75 4.78445511992334 238.5 6.25 8.93120431098911 60.27109909057617
8946 3703 156.0 1.5 23.507929087928527 192.5 4.0 9.393120075332105 156.97500610351562
8946 9102 169.0 0.75 -40.61229048139329 358.5 3.249999999999998 19.7298564372278 155.98699951171875
8945 6102 93.0 0.5 18.906440319222042 99.0 1.25 6.0057764769855595 100.2239990234375
8259 1901 324.0 13.25 18.032425364308725 46.5 11.5 3.5020121998597933 58.08769989013672
8261 12701 331.0 0.5 -6.514162236976485 204.0 10.25 8.541910039431217 148.02499389648438
8262 6102 196.5 3.0 0.0 207.5 3.25 7.430148160695296 22.170400619506836
8317 12702 258.0 0.5 0.0 63.5 2.5 17.815331045794906 35.1505012512207
8318 1901 304.5 2.0 42.22867175341746 117.0 3.5 15.555698619086911 117.08599853515625
8465 1902 250.0 6.0 8.851591001010512 247.5 10.75 2.6783610635147297 77.9136962890625
9049 1902 136.5 0.5 0.0 279.5 6.0 5.577101328180259 128.4550018310547
9047 6102 35.0 0.5 42.549936741398184 330.0 83.5 13.60113640282106 65.6458969116211
9047 1901 238.0 1.75 -4.162154960456775 265.5 6.75 -6.331103498674732 98.10299682617188
9047 1902 255.0 0.5 0.0 232.5 5.0 6.368656925146386 31.57379913330078
9048 3703 999999.0 999999.0 999999.0 999999.0 999999.0 999999.0 127.88300323486328
9048 1901 82.0 9.25 8.15114478189902 95.0 8.25 4.603472138262886 112.7750015258789
9047 12701 160.5 0.5 0.0 235.5 8.75 19.03357446193695 75.19999694824219
9492 3702 120.5 3.0 20.740064324555824 60.5 3.25 23.93888457898632 68.47049713134766
9497 12705 193.5 5.0 37.052806627700676 210.5 5.5 51.851639164696536 123.28199768066406
9509 6102 999999.0 999999.0 999999.0 999999.0 999999.0 999999.0 66.81919860839844
9507 9101 185.0 0.5 16.29786988683318 288.5 2.0 25.545880288102687 105.11199951171875
8158 3702 999999.0 999999.0 999999.0 999999.0 999999.0 999999.0 162.4929962158203
9002 12703 55.5 0.5 -271.47432098618776 355.5 0.5 2.235312555741818 107.4749984741211
9045 6103 9.5 1.25 -15.304137595148001 39.5 13.25 13.225635528564453 80.1249008178711
9888 3703 113.0 1.75 31.22963375906977 141.0 3.75 18.730652739921645 3.336980104446411
9042 12705 115.0 4.0 34.57423201191167 230.0 0.5 15.575843477211265 51.00120162963867
9888 6101 59.0 0.5 0.0 200.5 4.25 11.996406969176858 56.21369934082031
9888 1902 329.5 3.25 5.577336004475185 337.5 8.25 12.581967215186634 144.17799377441406
9050 3701 242.5 0.5 2.887518333728792 240.5 2.75 5.549104090361794 64.9126968383789
9048 6101 58.5 6.25 -2.262315617635269 32.0 39.25 -1.530949717543141 62.90999984741211
8326 9101 238.5 5.5 -3.873490621379444 37.5 15.5 0.0 94.7572021484375
9868 3704 231.0 1.75 61.46392944580907 107.0 89.75 3.636558392885746 121.41500091552734
8552 1902 39.0 0.5 -0.07830322576642512 43.0 4.75 -2.837505764947135 33.85260009765625
8552 9102 87.0 1.0 18.075175305816714 88.5 5.5 11.988670691816402 134.07000732421875
7443 6104 100.5 0.5 4.669444626010176 287.0 2.0 -6.9761991786380335 113.23400115966797
8131 12705 57.5 0.75 0.0 227.5 80.75 9.993445113196756 93.07080078125
8135 6104 110.5 1.5 16.321265746945187 111.0 3.25 12.432904993280765 115.42900085449219
8566 6101 59.5 3.75 11.660439914405558 35.0 21.25 -3.302051812377087 31.52899932861328
8131 1901 999999.0 999999.0 999999.0 999999.0 999999.0 999999.0 139.98500061035156
8566 3702 199.0 12.25 6.052197267993195 201.0 9.5 5.916130861558823 157.34300231933594
8134 3704 2.5 3.25 21.92230140386691 355.0 12.25 1.7922997661851987 168.34100341796875
8134 6101 81.5 0.5 -13.557233584506161 119.0 16.75 -8.447782481469424 118.39900207519531
8720 3703 162.0 1.25 53.4897199715632 178.0 8.500000000000007 8.212529571334896 152.79600524902344
9002 3701 8.5 0.5 -4.259316120208524 329.5 5.0 9.69852170247242 151.88299560546875
9002 9101 214.0 0.5 1.037119143416516 244.5 5.75 12.4238422206653 72.77880096435547
9891 3704 216.0 1.75 37.19727014247054 35.0 2.25 30.327692838103005 30.84670066833496
9891 3703 316.0 0.5 209.3045702104099 280.0 6.0 55.32817310451851 9.251680374145508
9043 3702 324.5 0.75 28.219753601744173 163.0 8.5 -4.110711087671218 72.93009948730469
9043 12702 255.0 0.5 0.0 31.5 6.0 17.265800688656242 14.609999656677246
8132 1901 202.5 0.5 32.754446655789316 192.0 2.5 14.357678076639075 139.32899475097656
8133 12704 140.0 1.0 -88.89119142389879 40.0 2.25 -59.140669231325504 91.69419860839844
8715 3701 142.5 0.5 60.872353907544095 48.5 3.5 54.326678267112484 15.375
8715 12703 26.0 0.5 -130.8997470294641 52.5 13.5 7.83246589778914 94.0780029296875
8715 3703 221.0 4.75 -0.20421520173805519 77.0 2.75 -6.116759313580307 83.24620056152344
8716 9101 50.5 0.5 67.86305282432342 350.0 1.25 67.39487942955857 145.46800231933594
8711 1901 355.5 21.750000000000004 3.8053537867797615 248.5 34.75 5.93740553393093 105.9209976196289
8711 3703 209.5 0.5 0.0 214.5 23.25 3.6559366227625585 39.10639953613281
8716 6104 999999.0 999999.0 999999.0 999999.0 999999.0 999999.0 15.799200057983398
8712 9102 999999.0 999999.0 999999.0 999999.0 999999.0 999999.0 149.92799377441406
8712 3704 50.0 2.25 4.682188625371516 55.0 3.0 5.903019837490945 53.9630012512207
8712 1901 113.0 2.75 12.480824640084121 117.0 3.25 16.863968325865844 96.95480346679688
9491 6102 249.5 3.25 -3.1611080613416362 66.0 15.0 0.0 70.19129943847656
9491 3704 38.0 1.25 -26.89220784527342 12.5 1.5 -4.8898512167284025 8.228150367736816
9490 3703 999999.0 999999.0 999999.0 999999.0 999999.0 999999.0 121.76599884033203
9490 1901 267.0 1.5 10.072056005265623 280.5 3.75 0.0 101.63800048828125
9488 3702 5.5 2.75 -5.320644201785605 7.5 3.5 3.776633408928191 6.031630039215088
8939 6104 999999.0 999999.0 999999.0 999999.0 999999.0 999999.0 90.06890106201172
9507 3701 52.5 2.25 4.625780911268578 56.0 2.0 6.1311908653502645 49.28779983520508
9502 1902 999999.0 999999.0 999999.0 999999.0 999999.0 999999.0 29.94930076599121
9502 3704 249.0 5.5 6.350780656941572 248.5 5.75 -4.605474081594338 56.73820114135742
9500 3704 332.0 9.0 0.0 76.0 1.25 6.327675165483583 68.86489868164062
8150 1901 109.0 0.5 -40.84731784376869 150.5 62.50000000000001 -28.82540798187256 164.8820037841797
8568 3701 88.5 28.75 7.61516378221593 223.0 4.0 9.563550198590582 39.37670135498047
8568 12701 174.5 1.25 -24.557303203490278 304.5 8.25 -2.74971060550625 120.83200073242188
8943 3703 157.5 1.25 7.941906334896544 164.5 2.0 0.6051402900891532 163.5679931640625
8943 9102 280.5 1.75 25.644000280701505 279.0 3.0 21.342861384841818 99.8134994506836
8445 12702 223.0 0.75 13.876960621137926 229.0 1.25 16.29541778564453 50.91239929199219
8445 3702 162.0 0.5 13.390089500539545 161.5 2.5 4.814748031341534 159.80999755859375
8330 12705 189.0 0.5 -5.71389670506823 208.0 8.25 11.896863631904125 131.24400329589844
8330 1901 352.5 2.25 0.0 47.0 4.0 9.206502329079845 45.449100494384766
8935 12701 999999.0 999999.0 999999.0 999999.0 999999.0 999999.0 120.30599975585938
8323 9101 273.5 0.5 25.232400928756583 214.5 40.25 14.296795180409312 172.80799865722656
8323 6103 126.0 2.0 -45.1361205219672 120.0 1.75 -28.15237810724885 122.82099914550781
8445 6102 114.5 1.25 -12.419365460196047 285.0 4.75 -0.6266257805468562 20.985000610351562
9494 1902 68.5 2.75 9.073554233473999 26.0 6.25 1.6627505725173108 23.86359977722168
9505 3701 260.0 6.5 -3.291534698726747 216.0 15.75 -3.768070834980538 38.256099700927734
8554 6102 999999.0 999999.0 999999.0 999999.0 999999.0 999999.0 50.109798431396484
8442 6104 999999.0 999999.0 999999.0 999999.0 999999.0 999999.0 12.353400230407715
8446 1902 249.5 3.5 12.138004158153564 62.5 5.25 10.898732792658302 53.616798400878906
8554 1902 131.0 6.0 8.514956638360465 110.5 5.5 6.690747495203978 117.27999877929688
8554 1901 61.5 7.0 0.0 224.0 3.75 8.501819805961961 37.60580062866211
8554 9102 244.0 1.0 0.0 114.5 34.75 2.6645364627432517 172.7469940185547
8985 1902 330.0 10.25 6.50761430396836 321.0 4.25 10.07911565511852 144.50900268554688
9863 3701 999999.0 999999.0 999999.0 999999.0 999999.0 999999.0 170.31500244140625
8950 3701 999999.0 999999.0 999999.0 999999.0 999999.0 999999.0 172.87100219726562
8933 9102 999999.0 999999.0 999999.0 999999.0 999999.0 999999.0 96.59709930419922
8933 6101 999999.0 999999.0 999999.0 999999.0 999999.0 999999.0 62.85449981689453
8932 12703 52.0 3.0 10.03608624186586 57.0 3.75 13.001089096069336 59.1786994934082
9876 1902 231.0 16.0 -13.01107804263434 219.5 10.25 11.20153828270466 33.192501068115234
8949 6101 79.0 0.5 0.0 349.5 0.5 7.611236572265625 161.4739990234375
8931 3704 999999.0 999999.0 999999.0 999999.0 999999.0 999999.0 40.11520004272461
8949 6104 999999.0 999999.0 999999.0 999999.0 999999.0 999999.0 37.6952018737793
9876 1901 999999.0 999999.0 999999.0 999999.0 999999.0 999999.0 107.66400146484375
8949 12704 999999.0 999999.0 999999.0 999999.0 999999.0 999999.0 163.27499389648438
8934 1901 999999.0 999999.0 999999.0 999999.0 999999.0 999999.0 109.14299774169922
9863 1902 999999.0 999999.0 999999.0 999999.0 999999.0 999999.0 130.5
9863 6104 295.0 0.5 110.51795356950653 31.5 8.0 14.816125677734675 47.52980041503906
8935 1901 999999.0 999999.0 999999.0 999999.0 999999.0 999999.0 83.59089660644531
8933 12703 999999.0 999999.0 999999.0 999999.0 999999.0 999999.0 123.73500061035156
8935 1902 999999.0 999999.0 999999.0 999999.0 999999.0 999999.0 174.3209991455078
8983 1901 315.0 25.0 17.3111564964056 52.0 89.75 5.739393472671509 76.37129974365234
8982 3704 176.5 4.5 33.40117751130641 160.5 10.0 9.904020844710864 119.7509994506836
8952 9101 204.5 2.5 7.303216718385784 206.0 2.75 6.697849604343517 22.677400588989258
9881 6104 217.5 0.5 59.78289772138788 233.0 2.75 13.000069882459954 86.57060241699219
9881 1901 113.5 5.0 -2.6420765061785154 112.5 6.0 -1.8023112208348318 112.66000366210938
7495 3704 187.5 1.75 17.6031261792087 185.5 3.75 26.164307815488698 71.0186996459961
8241 6104 343.5 0.5 19.395190592935485 266.0 11.25 4.247742176055908 80.7833023071289
8448 12701 267.5 0.5 33.48974929919976 251.0 36.0 8.104502170172342 107.54100036621094
8448 1902 999999.0 999999.0 999999.0 999999.0 999999.0 999999.0 111.75900268554688
8449 1902 115.0 5.0 5.404729542064885 93.5 28.75 6.92502772444111 114.61100006103516
8449 3702 999999.0 999999.0 999999.0 999999.0 999999.0 999999.0 79.80059814453125
8450 6104 93.0 2.75 15.15792632011049 102.0 3.75 7.199718468508756 117.94100189208984
8311 6103 157.5 1.0 45.87008576038595 162.5 1.5 10.377593904689817 164.2480010986328
8311 1901 206.0 1.25 18.830141343197216 24.0 5.0 11.027434159009854 26.225000381469727
9881 9101 291.5 0.5 50.31736374363705 248.0 4.0 8.548299338280472 95.12560272216797
9881 1902 20.5 4.5 7.883019261727021 88.5 16.5 9.02056252302689 101.85600280761719
8320 1901 220.5 1.75 18.76726531982422 337.5 19.5 11.369592300999548 149.6699981689453
8483 3703 286.5 1.5 -0.05688494299370461 263.0 3.25 5.794076298315076 89.80480194091797
8483 12703 244.5 1.25 -4.913800541580393 252.0 5.75 -15.592517814123726 151.1269989013672
8458 6104 248.0 1.0 4.514217703279748 240.0 5.75 1.0797027558416161 66.14649963378906
7958 9102 59.0 2.25 6.316466984656721 15.5 2.5 4.960001973576837 21.632200241088867
7958 3704 133.0 2.0 -1.0372012118010687 334.0 10.25 0.5921506881713867 149.5330047607422
9185 9102 203.5 0.5 -4.234445114988603 198.0 3.0 -12.795188016655644 16.588199615478516
9194 6102 355.0 0.5 44.164203488206645 1.0 7.500000000000002 18.513592125365456 159.3179931640625
8132 6103 105.5 0.5 188.66904703242776 310.0 43.0 8.673530729858612 174.10499572753906
8131 12702 351.5 0.5 4.969759956792817 54.0 0.5 -15.07398542002182 41.279998779296875
8153 6103 91.0 0.5 -77.7872410133319 283.5 2.0 0.0 101.90599822998047
9181 3704 296.5 0.5 -4.474613700124223 242.0 8.25 -5.138711720166203 121.63899993896484
8717 6104 257.5 0.5 17.72106076966872 299.0 31.0 24.948828697204586 101.10600280761719
7975 3704 301.0 2.0 10.439604586641792 345.5 4.25 -0.0037784650921821594 126.24099731445312
8937 12702 250.5 0.5 0.10706594497590771 179.0 7.749999999999996 1.2575174267265865 19.413400650024414
8939 9101 277.5 0.5 31.30020823742224 346.5 2.25 8.303529175652415 20.538700103759766
9488 6104 136.5 0.5 -41.10897394859529 332.5 7.0 8.700113399180353 154.35699462890625
8461 12701 82.0 0.5 -10.354774069255923 117.0 1.75 -16.84415343462642 118.20899963378906
8330 6103 5.5 1.5 0.9849489895383563 7.5 3.0 -3.3807822525187703 158.73699951171875
9039 12701 70.0 0.5 92.71394493362638 124.0 2.0 16.664801348622724 91.43779754638672
9025 6101 146.5 0.5 26.27864611355409 151.0 3.25 26.67751944065094 141.01800537109375
8612 6102 186.5 0.5 -1.6232570162432793 357.5 21.249999999999993 3.740072708537058 163.06900024414062
8133 6103 182.0 0.5 -5.262529679630211 95.5 21.0 2.519509437499425 85.96900177001953
9881 3704 176.0 0.5 1.1364363964358968 89.0 2.75 -2.7682233645786134 79.20929718017578
8983 12704 999999.0 999999.0 999999.0 999999.0 999999.0 999999.0 155.0919952392578
8600 9101 999999.0 999999.0 999999.0 999999.0 999999.0 999999.0 95.44059753417969
9029 9101 234.0 1.5 -9.504326939489474 239.5 3.25 1.1562228177364844 56.75450134277344
8329 9101 335.0 0.5 57.54593276977539 329.0 5.75 -14.067615509033203 113.16400146484375
8322 3702 59.0 1.0 6.604663849812503 91.0 3.0 8.604114163972184 99.2437973022461
8331 3701 332.5 1.25 12.318258723571446 304.5 10.25 3.5140665888520397 119.2030029296875
8466 3701 317.0 0.75 7.760511295101253 226.0 6.0 9.86159973914365 40.387699127197266
8990 12702 312.0 0.5 46.55780200565383 191.0 2.5 17.30165100765675 165.67999267578125
8999 3702 264.5 3.5 14.488213441972597 31.5 54.0 -11.37649416923523 71.53880310058594
8595 12704 146.5 3.75 5.001098037814888 119.0 2.0 -10.989347456868238 14.89490032196045
