Plate IFU PA_Ha PA_Ha_Error Ha_Vsyst PA_Stellar PA_Stellar_Error Stellar_Vsyst PA_drpall
9042 3704 999999.0 999999.0 999999.0 999999.0 999999.0 999999.0 146.48500061035156
8439 6104 283.5 1.5 9.905890109865098 5.5 3.0 20.174116765802317 52.16299819946289
9502 9101 71.5 2.5 30.6772982047474 281.5 4.75 -1.2050682331098237 92.68689727783203
8943 12705 999999.0 999999.0 999999.0 999999.0 999999.0 999999.0 21.239700317382812
8274 12705 320.0 0.5 110.11694842263717 188.0 4.25 100.83092325934032 156.19000244140625
9043 12703 999999.0 999999.0 999999.0 999999.0 999999.0 999999.0 87.11009979248047
8727 3703 44.5 1.25 -180.104588717414 141.5 0.75 -195.47125603805165 132.8699951171875
8612 1901 18.5 1.5 -277.8350669067228 35.0 0.5 -319.5341935407105 146.5659942626953
9044 6104 999999.0 999999.0 999999.0 999999.0 999999.0 999999.0 59.15879821777344
8482 1901 999999.0 999999.0 999999.0 999999.0 999999.0 999999.0 118.46499633789062
8443 6101 225.5 3.25 46.94919552152874 65.0 8.25 27.76138290214858 60.93989944458008
8454 12705 120.0 14.0 -32.55202759381108 170.5 25.750000000000004 -42.73749479407845 88.74739837646484
8256 12705 321.5 0.5 110.65309492532182 331.5 1.25 102.47397152729374 156.19000244140625
8948 1901 359.5 3.999999999999998 100.79875772782458 22.0 2.75 57.74489975542161 20.30109977722168
8158 3701 293.5 4.0 39.16577026283216 288.0 1.5 32.50944115368708 109.99199676513672
7992 12702 278.5 7.25 3.5228598277961396 24.5 21.5 3.8861637115478516 19.058700561523438
7992 3701 220.5 4.0 0.0 336.5 14.75 -1.7077920489867413 157.322998046875
7992 12705 999999.0 999999.0 999999.0 999999.0 999999.0 999999.0 18.096599578857422
8611 1902 224.0 3.25 12.052692307055276 225.5 6.5 12.757710546827894 46.183101654052734
7991 3704 164.0 3.0 22.42907397812698 161.5 3.75 15.925075664868046 162.41299438476562
7990 3701 277.0 4.75 14.679002678955143 276.0 9.25 18.520667582917312 91.21389770507812
8625 6103 182.5 4.250000000000006 39.265970603602966 231.0 19.0 17.94690736864552 177.5330047607422
8626 12701 26.0 6.5 53.04208755493164 86.0 4.0 62.56696974305163 107.89700317382812
7990 12705 92.5 1.75 -2.890209197998047 219.0 23.5 -8.129097318913704 108.99299621582031
9196 1901 335.5 4.5 28.123868875075384 110.5 4.0 10.902354825959755 109.4729995727539
8611 6101 182.0 2.749999999999998 18.047431980305237 58.0 5.75 15.600895579622794 56.950599670410156
9196 12702 999999.0 999999.0 999999.0 999999.0 999999.0 999999.0 2.0418100357055664
8655 9101 999999.0 999999.0 999999.0 999999.0 999999.0 999999.0 45.60940170288086
8153 9101 75.5 7.25 -19.096583795456468 88.5 27.75 -3.8103863845635058 86.0457992553711
8153 6104 47.5 3.5 14.171302153060708 41.0 7.0 3.361943987921075 56.29750061035156
8077 3701 271.0 5.5 6.190687312724819 264.0 2.75 5.822351077858933 64.6239013671875
8153 12703 359.5 37.25 1.215721907917274 322.5 41.25 1.724109665545388 154.03399658203125
8077 1901 999999.0 999999.0 999999.0 999999.0 999999.0 999999.0 71.80860137939453
8077 6101 106.0 3.5 9.444849329585871 109.5 17.0 0.6986155146782833 60.27510070800781
8077 1902 999999.0 999999.0 999999.0 999999.0 999999.0 999999.0 129.24200439453125
8154 6103 108.5 3.25 21.157226595287497 132.5 10.0 8.758214274562192 119.83799743652344
8154 3704 234.5 8.5 -5.76415221116557 278.0 4.75 -8.141399037085641 100.86499786376953
8081 12701 101.5 2.5 -10.996986389160163 87.5 5.25 3.7491609391792053 53.2317008972168
9194 3704 158.5 14.0 17.879013099539762 122.5 27.0 2.8010716006678575 67.96399688720703
9194 1902 999999.0 999999.0 999999.0 999999.0 999999.0 999999.0 34.707000732421875
9193 1902 243.5 5.75 25.505547435889127 240.0 3.5 26.579434907750624 57.36109924316406
8082 1901 326.5 18.5 6.664690547338466 201.5 89.75 3.8364623348892506 163.0229949951172
8081 3702 346.0 89.75 6.871812259615888 262.5 89.75 3.9791427875549106 176.6439971923828
8083 3701 197.0 89.75 1.909503582107022 203.5 89.75 2.3400603904667623 122.0999984741211
8083 1902 999999.0 999999.0 999999.0 999999.0 999999.0 999999.0 102.89399719238281
8084 6104 999999.0 999999.0 999999.0 999999.0 999999.0 999999.0 14.451800346374512
8155 1901 84.5 29.75 12.669109757005996 268.0 25.5 7.156224557109226 85.95120239257812
8084 1902 236.5 21.75 6.64607048034668 311.5 26.25 0.07226560333537524 137.25999450683594
8135 6102 999999.0 999999.0 999999.0 999999.0 999999.0 999999.0 33.42729949951172
8137 1902 333.5 11.0 5.346912841878655 182.0 8.500000000000005 9.938805030679621 177.11900329589844
8137 6103 307.5 5.5 34.17885883627007 185.5 4.0 25.446894800745184 3.764470100402832
8137 3701 350.0 11.749999999999998 22.962828348307383 0.5 2.7500000000000027 13.342086486843584 178.21400451660156
8140 3702 317.0 5.75 10.05416263660966 118.5 5.5 12.993446726962006 108.31999969482422
8713 3703 999999.0 999999.0 999999.0 999999.0 999999.0 999999.0 101.6969985961914
8143 1902 999999.0 999999.0 999999.0 999999.0 999999.0 999999.0 52.857200622558594
8141 3704 999999.0 999999.0 999999.0 999999.0 999999.0 999999.0 49.65549850463867
8143 6103 240.5 2.75 0.0 316.0 2.75 3.2128607294693126 108.83100128173828
8143 3703 160.5 48.75 6.093832161044887 124.5 14.75 1.932202039800318 133.46800231933594
8143 6104 24.5 1.75 11.954367267269049 25.0 5.75 -0.022375506920859323 20.395599365234375
8243 3701 999999.0 999999.0 999999.0 999999.0 999999.0 999999.0 17.962499618530273
10001 6103 999999.0 999999.0 999999.0 999999.0 999999.0 999999.0 32.074501037597656
8721 1901 999999.0 999999.0 999999.0 999999.0 999999.0 999999.0 127.27899932861328
8728 3701 156.5 2.75 -11.238228338041623 173.5 3.5 15.463764879816225 5.265379905700684
8158 12704 999999.0 999999.0 999999.0 999999.0 999999.0 999999.0 13.01259994506836
8158 12703 999999.0 999999.0 999999.0 999999.0 999999.0 999999.0 109.9530029296875
9512 3702 127.0 11.0 24.790345237517855 130.5 6.0 8.784570797504514 129.39500427246094
9512 3701 999999.0 999999.0 999999.0 999999.0 999999.0 999999.0 28.389400482177734
9512 1901 999999.0 999999.0 999999.0 999999.0 999999.0 999999.0 120.6050033569336
9512 6102 157.0 10.5 11.154191967479662 175.0 9.250000000000004 8.772418201556956 133.7550048828125
9512 12703 343.0 5.5 79.11271756193995 250.0 30.25 22.134120084151142 17.2007999420166
9512 12702 999999.0 999999.0 999999.0 999999.0 999999.0 999999.0 35.74359893798828
10001 9102 87.0 19.5 -13.200396185899042 123.0 6.25 -15.431278149397478 115.74500274658203
9181 12701 334.0 4.0 63.47920143207324 33.5 37.25 3.6826702336159913 86.49829864501953
9181 12704 106.0 89.5 11.17489373627577 314.0 34.25 7.816900787044148 5.4864301681518555
9183 6104 141.0 6.75 -5.244053820266089 108.5 13.0 -2.8583396191127513 117.12999725341797
9182 3703 191.5 3.75 0.5694193672620713 169.5 4.5 -3.4410811216452117 169.4810028076172
8725 1902 106.0 3.25 -48.291674105788246 23.5 43.25 4.873489371960644 64.31649780273438
8725 6101 999999.0 999999.0 999999.0 999999.0 999999.0 999999.0 169.25
8725 3704 234.5 32.75 6.848839284440167 230.0 32.5 2.5737172023147235 6.230820178985596
8725 12703 999999.0 999999.0 999999.0 999999.0 999999.0 999999.0 135.79600524902344
8548 3701 224.5 7.5 31.731023766751868 246.5 11.75 16.701867349884907 78.1886978149414
8482 12704 99.0 1.75 -2.4372578424710127 219.5 15.25 36.29486020493045 87.28949737548828
8548 12705 138.5 17.5 1.989699204244829 157.5 7.5 13.546400011325407 143.64700317382812
8483 9101 117.5 18.75 17.92848146476902 273.0 5.75 12.896765955718166 86.94419860839844
9026 12701 4.0 5.500000000000002 34.087598475928985 9.0 1.75 20.17276239024396 8.462220191955566
8555 6104 321.5 7.5 13.4944818458725 39.0 9.0 5.033372613489073 36.124900817871094
8612 6101 161.5 3.5 33.273535018461075 164.0 2.5 28.7128223579801 163.59100341796875
8078 1902 259.5 7.75 11.366318983499596 253.0 9.25 9.847697661348732 106.45999908447266
8156 9101 999999.0 999999.0 999999.0 999999.0 999999.0 999999.0 111.61299896240234
8618 6102 42.0 11.0 9.721597754001976 251.5 5.75 2.433557980485901 66.73030090332031
8618 12705 999999.0 999999.0 999999.0 999999.0 999999.0 999999.0 149.7469940185547
8618 6104 310.5 2.5 3.964528231858722 307.0 5.25 8.316775296940541 132.1179962158203
7815 6102 95.0 10.0 -26.149834741107234 251.5 5.75 2.476934010621964 175.1790008544922
7977 12702 999999.0 999999.0 999999.0 999999.0 999999.0 999999.0 9.928770065307617
7977 3701 242.0 6.25 -14.742750349269947 56.5 15.25 -10.41829155060018 59.060001373291016
8977 3701 999999.0 999999.0 999999.0 999999.0 999999.0 999999.0 157.36900329589844
8717 6101 341.0 12.5 -7.624365855514192 337.5 7.25 -6.379759791990047 162.44900512695312
8717 12702 999999.0 999999.0 999999.0 999999.0 999999.0 999999.0 43.641300201416016
9486 6103 999999.0 999999.0 999999.0 999999.0 999999.0 999999.0 84.22889709472656
8549 9101 294.5 6.0 54.17320866695332 43.0 21.5 1.9687334521022186 176.7830047607422
8549 3704 147.5 4.75 32.38243437469407 142.5 4.5 35.11682222563727 141.22000122070312
9029 9102 265.0 17.0 84.77029305629469 272.5 89.75 3.9869645323029212 130.19400024414062
8555 9101 999999.0 999999.0 999999.0 999999.0 999999.0 999999.0 79.91549682617188
8555 3701 189.0 5.25 5.126933756515939 208.0 2.75 -16.355288878548293 15.10990047454834
8555 3702 999999.0 999999.0 999999.0 999999.0 999999.0 999999.0 0.7929990291595459
8978 3704 123.0 9.5 -14.235248951227948 111.5 6.0 -17.659286648319984 126.90699768066406
9869 3701 999999.0 999999.0 999999.0 999999.0 999999.0 999999.0 46.503700256347656
8613 3702 252.0 18.5 2.737250627048317 327.5 35.0 15.803589966327962 135.48300170898438
8606 3704 81.5 34.0 4.778522906888149 75.5 89.75 4.606712185311114 79.45390319824219
8247 3704 71.5 34.75 0.0 140.5 8.25 4.682348590369223 136.947998046875
8247 3703 21.0 6.25 13.014533563252163 8.5 3.0 16.392778609211785 6.033390045166016
8250 9102 51.0 1.75 0.8049790665196284 52.0 3.0 -13.121037322333692 53.168399810791016
8149 1901 296.0 8.75 12.895756824264176 293.5 32.25 9.177011876418026 123.79399871826172
8149 3702 999999.0 999999.0 999999.0 999999.0 999999.0 999999.0 28.23579978942871
8938 1902 95.0 21.0 10.294953595116851 305.5 8.0 -0.3071618838961854 130.43299865722656
8938 9102 340.0 4.75 31.424100951307707 340.5 6.5 28.67231010476516 153.21099853515625
8948 3702 207.0 4.25 8.66100347745492 205.5 5.5 8.77410503062491 3.289180040359497
8999 3703 999999.0 999999.0 999999.0 999999.0 999999.0 999999.0 141.51499938964844
8997 1902 2.5 3.0 9.938171928484952 348.0 2.75 17.8682736068219 164.0850067138672
8992 3701 235.0 6.75 18.276406011831625 268.0 5.75 3.212343467931664 76.12470245361328
8992 6102 292.0 5.75 31.99233337306215 313.0 2.25 4.812724163979226 133.13099670410156
8992 12705 999999.0 999999.0 999999.0 999999.0 999999.0 999999.0 159.17300415039062
8997 3703 317.0 25.0 -2.096816084596888 312.0 11.25 -12.373841453712588 153.8509979248047
8992 3704 167.5 5.25 5.415495484247938 357.0 6.5000000000000036 3.346728395924494 169.71499633789062
8991 1902 999999.0 999999.0 999999.0 999999.0 999999.0 999999.0 158.57699584960938
8936 3704 999999.0 999999.0 999999.0 999999.0 999999.0 999999.0 74.34290313720703
9184 3701 359.5 11.250000000000004 21.07362176921805 194.0 7.0 9.996563044261308 12.83810043334961
9184 1902 999999.0 999999.0 999999.0 999999.0 999999.0 999999.0 140.8820037841797
8249 6103 9.5 8.25 19.79324563305508 14.5 22.750000000000007 12.522998202569823 62.503700256347656
8941 9101 999999.0 999999.0 999999.0 999999.0 999999.0 999999.0 113.36699676513672
8940 3702 999999.0 999999.0 999999.0 999999.0 999999.0 999999.0 60.59619903564453
8461 1902 94.0 36.0 8.849210240660298 81.0 18.75 10.650369236031967 85.4447021484375
8461 6104 999999.0 999999.0 999999.0 999999.0 999999.0 999999.0 6.103030204772949
8456 1902 217.0 14.0 18.145776463600534 120.5 4.25 19.15360589212873 118.56800079345703
8456 6103 270.0 15.75 27.165967941284094 114.0 8.5 27.502139409123647 107.82499694824219
8454 9101 999999.0 999999.0 999999.0 999999.0 999999.0 999999.0 69.69560241699219
8453 3703 234.5 13.5 2.532678785369864 264.5 89.75 1.422707588482008 149.0070037841797
8993 3703 202.5 6.5 23.22443389892578 226.0 2.0 20.81904016357464 63.90879821777344
8999 9101 305.5 26.5 3.1757027209537303 1.0 8.749999999999998 5.7105957871083906 3.3805201053619385
8946 1901 222.0 9.25 8.046564824887898 278.0 6.0 12.905172596078415 103.58300018310547
8613 3701 122.0 18.75 46.794056704526454 230.0 30.5 9.179015655509785 156.9810028076172
8613 6102 999999.0 999999.0 999999.0 999999.0 999999.0 999999.0 56.76620101928711
9185 1901 999999.0 999999.0 999999.0 999999.0 999999.0 999999.0 151.7209930419922
7958 3703 280.5 3.75 4.035553708388235 281.0 3.25 5.5286547139573585 106.53600311279297
7960 1902 999999.0 999999.0 999999.0 999999.0 999999.0 999999.0 169.0959930419922
7960 3701 121.0 21.75 18.111300379388496 145.0 9.75 6.472871463889276 136.1060028076172
7960 6104 999999.0 999999.0 999999.0 999999.0 999999.0 999999.0 171.45799255371094
7962 3704 999999.0 999999.0 999999.0 999999.0 999999.0 999999.0 9.578949928283691
7962 1902 999999.0 999999.0 999999.0 999999.0 999999.0 999999.0 126.07099914550781
9085 3701 999999.0 999999.0 999999.0 999999.0 999999.0 999999.0 74.95890045166016
9085 6104 999999.0 999999.0 999999.0 999999.0 999999.0 999999.0 160.93699645996094
7962 9102 999999.0 999999.0 999999.0 999999.0 999999.0 999999.0 76.38870239257812
8623 3702 47.5 11.25 11.908235718318053 232.0 16.75 8.530642086666479 50.74259948730469
8623 6102 97.5 22.25 12.117654422050808 333.0 15.75 11.02287769568484 131.2239990234375
7964 3702 999999.0 999999.0 999999.0 999999.0 999999.0 999999.0 80.404296875
7964 1902 163.5 89.75 -4.353052758726585 262.0 89.75 4.210850998722312 141.36000061035156
7968 9102 220.5 7.0 16.265590562685134 247.5 10.25 8.573816708715897 84.8281021118164
8616 6101 168.0 5.25 22.99699663881026 166.0 4.5 19.442731143217713 165.86199951171875
8616 1902 175.5 5.0 8.815587317366187 139.5 2.75 5.8038442436937885 135.8820037841797
8616 12701 999999.0 999999.0 999999.0 999999.0 999999.0 999999.0 155.07000732421875
7968 3703 999999.0 999999.0 999999.0 999999.0 999999.0 999999.0 75.50199890136719
9000 12701 999999.0 999999.0 999999.0 999999.0 999999.0 999999.0 13.809499740600586
9000 3702 193.0 12.499999999999996 32.25012956365563 359.0 89.75 16.059948787539035 160.4340057373047
9000 6104 999999.0 999999.0 999999.0 999999.0 999999.0 999999.0 24.553600311279297
8995 3703 189.0 5.25 -3.03013385994457 352.5 44.75000000000001 -7.00874242133458 161.61500549316406
8995 12703 999999.0 999999.0 999999.0 999999.0 999999.0 999999.0 137.19700622558594
8309 6102 999999.0 999999.0 999999.0 999999.0 999999.0 999999.0 178.76800537109375
8309 12704 999999.0 999999.0 999999.0 999999.0 999999.0 999999.0 163.20700073242188
9864 3702 169.0 4.25 24.10313219700319 235.5 89.75 21.79426860809326 74.21109771728516
9864 1902 999999.0 999999.0 999999.0 999999.0 999999.0 999999.0 125.48999786376953
8591 1902 999999.0 999999.0 999999.0 999999.0 999999.0 999999.0 148.31300354003906
9864 12705 999999.0 999999.0 999999.0 999999.0 999999.0 999999.0 167.39999389648438
9865 9101 221.0 7.75 38.64359826496104 238.5 89.75 15.897080580779779 159.0970001220703
8597 3704 138.0 1.75 64.74364839266829 240.0 9.25 12.80202092812467 46.858001708984375
8597 3703 211.5 3.75 3.895873054198667 223.5 2.25 -0.10990530024642453 38.89630126953125
9034 6103 233.5 5.5 21.991389829568078 233.0 4.25 14.935370199196484 57.30839920043945
9870 1902 37.0 33.75 -13.754237687081982 243.0 16.25 3.33171037520907 67.31529998779297
9037 1901 999999.0 999999.0 999999.0 999999.0 999999.0 999999.0 96.06449890136719
8146 3701 61.0 11.0 17.06897677727291 50.0 5.25 18.67548786209008 45.605499267578125
8938 1901 999999.0 999999.0 999999.0 999999.0 999999.0 999999.0 8.881199836730957
9184 9101 999999.0 999999.0 999999.0 999999.0 999999.0 999999.0 171.21099853515625
8592 1901 999999.0 999999.0 999999.0 999999.0 999999.0 999999.0 30.528900146484375
8592 12703 999999.0 999999.0 999999.0 999999.0 999999.0 999999.0 152.45899963378906
8486 3702 999999.0 999999.0 999999.0 999999.0 999999.0 999999.0 129.41600036621094
9031 3704 154.5 3.25 7.611016900793516 241.5 5.25 22.612613677978516 65.68479919433594
9036 3703 156.0 2.75 13.658068618036964 246.0 4.75 26.91993267685701 65.68479919433594
8550 1902 999999.0 999999.0 999999.0 999999.0 999999.0 999999.0 158.47000122070312
8312 9102 304.0 5.0 39.12027720629526 358.5 4.000000000000006 17.943611310192466 175.50599670410156
8604 6104 255.5 14.25 20.382013031903192 265.5 7.5 16.068186743110957 87.0238037109375
8312 1901 243.5 33.75 -4.9607388685036335 304.5 27.25 -3.567050003222855 124.0469970703125
8604 6102 17.5 2.5 0.0 337.5 42.25 14.193549898490074 73.56780242919922
9883 6101 999999.0 999999.0 999999.0 999999.0 999999.0 999999.0 34.098899841308594
8440 3701 315.5 6.25 -7.255950411886744 316.0 7.5 6.128678152306484 135.41299438476562
8440 9101 9.5 1.75 20.526326488847644 334.0 4.25 -1.1252483881016078 173.53900146484375
8440 12702 999999.0 999999.0 999999.0 999999.0 999999.0 999999.0 64.50050354003906
8247 6101 10.0 1.5 -9.746751545685825 30.0 19.25 1.0532725453361103 52.95610046386719
8247 9102 208.0 9.25 0.042985034101906905 37.0 43.0 3.765679878259661 129.4199981689453
8247 6103 67.5 2.5 23.190518201282877 241.5 1.5 0.4425376646184045 59.39910125732422
8250 1902 197.5 3.0 -0.002585844310374341 103.0 3.0 20.541126601288376 107.85399627685547
8458 9101 999999.0 999999.0 999999.0 999999.0 999999.0 999999.0 9.279500007629395
8726 6101 999999.0 999999.0 999999.0 999999.0 999999.0 999999.0 71.84030151367188
8149 12705 220.0 3.75 -40.93272543442589 192.0 4.75 15.939784780021881 103.68599700927734
8942 3701 999999.0 999999.0 999999.0 999999.0 999999.0 999999.0 78.77069854736328
8941 3704 72.0 21.5 1.5771098657059213 83.5 11.75 9.702372235520066 91.28880310058594
9510 6104 48.5 6.5 -1.3371624900851486 98.0 43.25 -9.00619266398716 142.93099975585938
9509 3701 999999.0 999999.0 999999.0 999999.0 999999.0 999999.0 149.85299682617188
9509 1902 99.0 12.75 -6.561743547683098 103.5 14.0 -4.064778934440241 113.02899932861328
8942 6101 135.5 43.5 -15.979981860369087 317.0 54.00000000000001 -0.09540468402742341 159.87100219726562
9510 3701 92.5 89.75 -1.6438377575461693 233.0 13.0 -7.749182603310132 49.87419891357422
8319 3702 999999.0 999999.0 999999.0 999999.0 999999.0 999999.0 32.7859001159668
8319 6104 21.5 53.75000000000001 1.8364482732169745 245.0 17.0 17.479003021182365 131.69200134277344
8325 6101 154.0 2.5 13.675071254393835 235.0 26.25 8.144434843000546 41.07740020751953
8325 1901 999999.0 999999.0 999999.0 999999.0 999999.0 999999.0 161.40899658203125
8325 1902 111.5 25.25 7.215683715273222 124.0 13.25 7.108471019529034 124.66000366210938
8329 1902 358.5 13.000000000000007 1.426567652451439 321.0 89.75 14.12165646774532 115.58899688720703
8326 3701 241.5 2.75 30.60566275608614 79.5 4.75 16.81621187144723 93.643798828125
8329 1901 242.0 3.5 32.633096318081726 81.0 4.5 14.894629328809458 93.643798828125
8980 3701 289.0 16.5 30.521233415388465 194.0 89.75 11.276145113825898 28.16830062866211
8980 1902 10.5 12.250000000000005 26.801817579005107 180.5 7.250000000000002 17.490019246938004 3.204930067062378
8980 12703 323.5 9.5 -1.1183752800419526 4.0 86.5 -3.738276913431516 135.39700317382812
9871 9102 999999.0 999999.0 999999.0 999999.0 999999.0 999999.0 9.344189643859863
8591 3702 999999.0 999999.0 999999.0 999999.0 999999.0 999999.0 151.56500244140625
8591 6101 208.5 2.5 69.2313973750019 153.5 9.75 19.725130085718845 146.40499877929688
8591 3701 999999.0 999999.0 999999.0 999999.0 999999.0 999999.0 21.458599090576172
8547 9101 257.0 24.75 -19.92623480879428 306.0 6.5 32.191389215708995 167.11099243164062
8595 1901 999999.0 999999.0 999999.0 999999.0 999999.0 999999.0 146.48800659179688
8592 3701 36.0 5.25 39.79643608772278 41.0 2.25 37.21907745407795 39.97060012817383
9865 12703 999999.0 999999.0 999999.0 999999.0 999999.0 999999.0 94.36470031738281
8551 3703 235.0 6.5 38.62115916885494 108.5 11.0 27.32120958401839 119.43699645996094
9037 6103 199.0 5.75 13.552297397280094 222.0 10.75 18.264939885627843 51.595401763916016
9037 1902 131.5 10.75 -1.8614945116141648 131.5 11.75 -0.2461902550972539 133.50999450683594
9035 1901 333.0 20.5 6.81334114074707 332.5 19.25 7.212259781611529 153.71499633789062
8551 3704 202.0 9.5 3.7962429621194214 210.0 15.25 2.712114716686732 78.15280151367188
9036 1902 156.5 56.50000000000001 0.08529204469806895 324.5 16.0 0.0035171790929382496 145.21400451660156
8335 9101 999999.0 999999.0 999999.0 999999.0 999999.0 999999.0 134.55599975585938
8454 6102 89.0 5.5 0.6218783193942485 138.5 89.75 8.55116533792799 113.62899780273438
8454 1902 999999.0 999999.0 999999.0 999999.0 999999.0 999999.0 122.15599822998047
8455 12703 999999.0 999999.0 999999.0 999999.0 999999.0 999999.0 9.404080390930176
8253 1902 125.5 25.75 6.651585940697771 339.0 31.0 7.428783133090139 159.2740020751953
8258 6102 71.0 1.25 -17.204392444846548 65.5 3.25 -3.7446452323342854 68.82929992675781
8257 3701 172.0 2.0 18.508955656162748 178.0 7.0 17.988987811326723 175.75399780273438
8274 1902 999999.0 999999.0 999999.0 999999.0 999999.0 999999.0 103.06600189208984
8451 1902 999999.0 999999.0 999999.0 999999.0 999999.0 999999.0 103.06600189208984
8451 6104 278.0 1.25 -23.85146646927212 351.5 74.75 2.12527857773998 177.90199279785156
8466 6102 999999.0 999999.0 999999.0 999999.0 999999.0 999999.0 179.71099853515625
8261 9101 315.0 6.0 39.04528427124025 132.5 7.5 30.624188660731875 134.17599487304688
8464 1901 999999.0 999999.0 999999.0 999999.0 999999.0 999999.0 151.96499633789062
8464 1902 178.5 8.750000000000004 5.959653854370117 160.5 10.25 1.797362509881161 135.37399291992188
8317 12701 94.0 24.0 30.618750720395244 335.5 8.25 14.482064228547781 100.49800109863281
8318 12701 293.5 8.5 0.0 342.0 3.5 -6.222762502048937 159.8489990234375
8447 6102 999999.0 999999.0 999999.0 999999.0 999999.0 999999.0 136.86500549316406
9039 1902 192.5 5.75 10.11447814647471 349.0 3.0 20.760747403377735 165.49099731445312
9041 12705 315.5 13.0 0.0 45.5 1.75 22.847154348022144 45.239200592041016
9028 3702 186.0 10.250000000000005 21.459566116333008 20.0 8.5 14.330259577848196 16.95829963684082
9028 1901 999999.0 999999.0 999999.0 999999.0 999999.0 999999.0 41.00510025024414
8568 1902 999999.0 999999.0 999999.0 999999.0 999999.0 999999.0 99.18669891357422
8568 1901 31.0 4.5 15.619801167655936 323.0 3.75 19.114703355584318 150.72500610351562
8253 1901 151.5 89.75 -3.4265682384303453 229.5 36.75 -2.675494645069465 88.6675033569336
8253 9101 115.5 4.0 0.0 153.0 3.25 -0.0030441820361799543 155.7480010986328
8254 3701 999999.0 999999.0 999999.0 999999.0 999999.0 999999.0 130.7480010986328
8254 3703 54.0 31.5 2.4402390653937616 67.5 16.5 1.4679871376888585 66.19190216064453
8466 1901 150.0 89.75 0.24173251203352208 239.5 10.75 9.023515083811139 60.27109909057617
8946 3703 144.0 4.0 21.906271342880473 193.0 4.5 9.54255147895644 156.97500610351562
8946 9102 999999.0 999999.0 999999.0 999999.0 999999.0 999999.0 155.98699951171875
8945 6102 104.5 3.0 15.747610995416721 100.0 1.5 5.727202729179069 100.2239990234375
8259 1901 319.5 32.5 20.2785319778014 44.5 19.5 8.058383791103491 58.08769989013672
8261 12701 343.0 2.25 -8.962615966796875 194.5 15.250000000000007 8.012047937940645 148.02499389648438
8262 6102 999999.0 999999.0 999999.0 999999.0 999999.0 999999.0 22.170400619506836
8317 12702 999999.0 999999.0 999999.0 999999.0 999999.0 999999.0 35.1505012512207
8318 1901 315.5 6.25 37.387322175903726 118.0 5.75 16.38533141398304 117.08599853515625
8465 1902 240.5 14.75 6.659114718437195 242.0 21.75 1.9142345893912593 77.9136962890625
9049 1902 999999.0 999999.0 999999.0 999999.0 999999.0 999999.0 128.4550018310547
9047 6102 23.0 9.75 25.19894957703805 328.5 41.75 17.677246806848586 65.6458969116211
9047 1901 231.0 7.5 -3.2336496645115353 265.5 6.75 -7.044959612081119 98.10299682617188
9047 1902 999999.0 999999.0 999999.0 999999.0 999999.0 999999.0 31.57379913330078
9048 3703 999999.0 999999.0 999999.0 999999.0 999999.0 999999.0 127.88300323486328
9048 1901 74.5 9.5 7.242064334747351 92.5 13.75 4.825309289317982 112.7750015258789
9047 12701 119.0 17.5 -0.06072095419589374 222.0 89.75 17.994029998779297 75.19999694824219
9492 3702 306.0 36.25 18.95924406693923 61.0 4.75 23.07876182840126 68.47049713134766
9497 12705 999999.0 999999.0 999999.0 999999.0 999999.0 999999.0 123.28199768066406
9509 6102 999999.0 999999.0 999999.0 999999.0 999999.0 999999.0 66.81919860839844
9507 9101 999999.0 999999.0 999999.0 999999.0 999999.0 999999.0 105.11199951171875
8158 3702 999999.0 999999.0 999999.0 999999.0 999999.0 999999.0 162.4929962158203
9002 12703 51.5 3.5 -167.78738545723968 97.0 14.5 2.2440117399974255 107.4749984741211
9045 6103 356.5 7.25 -3.2703304794956978 71.0 17.25 16.18477173878826 80.1249008178711
9888 3703 999999.0 999999.0 999999.0 999999.0 999999.0 999999.0 3.336980104446411
9042 12705 999999.0 999999.0 999999.0 999999.0 999999.0 999999.0 51.00120162963867
9888 6101 999999.0 999999.0 999999.0 999999.0 999999.0 999999.0 56.21369934082031
9888 1902 334.0 3.75 0.0 353.5 16.25 9.88551431585234 144.17799377441406
9050 3701 256.0 5.5 11.852272033691406 239.5 4.0 4.321975546054489 64.9126968383789
9048 6101 60.0 6.0 -2.734687127154551 41.5 89.75 -4.430944643255561 62.90999984741211
8326 9101 999999.0 999999.0 999999.0 999999.0 999999.0 999999.0 94.7572021484375
9868 3704 218.0 2.25 22.470911253017675 100.5 89.75 3.962547595287445 121.41500091552734
8552 1902 35.5 8.5 -10.592721437995925 47.5 11.25 -3.945756484244164 33.85260009765625
8552 9102 54.0 6.0 21.66339111328125 92.0 13.5 9.652763604517983 134.07000732421875
7443 6104 101.0 4.0 1.7751268599846206 286.0 3.0 -6.877664687653862 113.23400115966797
8131 12705 999999.0 999999.0 999999.0 999999.0 999999.0 999999.0 93.07080078125
8135 6104 105.5 7.5 16.281071643180667 112.5 7.25 13.546054844992206 115.42900085449219
8566 6101 999999.0 999999.0 999999.0 999999.0 999999.0 999999.0 31.52899932861328
8131 1901 999999.0 999999.0 999999.0 999999.0 999999.0 999999.0 139.98500061035156
8566 3702 240.0 32.25 5.466022396751175 208.0 15.5 4.500396855709175 157.34300231933594
8134 3704 336.5 29.500000000000007 24.549823847394705 350.0 21.75 2.4508095572928115 168.34100341796875
8134 6101 148.5 18.5 -6.28681313228576 130.5 28.0 -6.681621093066653 118.39900207519531
8720 3703 128.5 3.25 8.398742578037579 171.0 19.000000000000004 9.242893484691077 152.79600524902344
9002 3701 999999.0 999999.0 999999.0 999999.0 999999.0 999999.0 151.88299560546875
9002 9101 999999.0 999999.0 999999.0 999999.0 999999.0 999999.0 72.77880096435547
9891 3704 182.0 68.25 39.587974469496665 37.5 2.75 40.26751505054358 30.84670066833496
9891 3703 999999.0 999999.0 999999.0 999999.0 999999.0 999999.0 9.251680374145508
9043 3702 322.0 3.75 17.37674674895277 169.5 21.250000000000007 -2.139932295660188 72.93009948730469
9043 12702 233.0 23.0 41.565347803209804 27.5 20.25 12.37034220509651 14.609999656677246
8132 1901 999999.0 999999.0 999999.0 999999.0 999999.0 999999.0 139.32899475097656
8133 12704 303.5 2.25 -14.745338329437736 137.0 11.5 -12.599638654225286 91.69419860839844
8715 3701 111.0 3.5 39.83271808013231 38.0 11.75 46.82027781262867 15.375
8715 12703 999999.0 999999.0 999999.0 999999.0 999999.0 999999.0 94.0780029296875
8715 3703 237.0 10.25 11.197521209716797 85.0 8.25 -3.294186694098711 83.24620056152344
8716 9101 79.5 3.75 70.36597061157227 333.5 2.0 66.51299983381193 145.46800231933594
8711 1901 999999.0 999999.0 999999.0 999999.0 999999.0 999999.0 105.9209976196289
8711 3703 999999.0 999999.0 999999.0 999999.0 999999.0 999999.0 39.10639953613281
8716 6104 999999.0 999999.0 999999.0 999999.0 999999.0 999999.0 15.799200057983398
8712 9102 999999.0 999999.0 999999.0 999999.0 999999.0 999999.0 149.92799377441406
8712 3704 999999.0 999999.0 999999.0 999999.0 999999.0 999999.0 53.9630012512207
8712 1901 112.5 2.75 11.735833835054578 117.0 3.5 16.812390769584212 96.95480346679688
9491 6102 241.5 9.75 -2.2445860054823434 72.5 28.75 0.9940078365323473 70.19129943847656
9491 3704 31.5 3.75 -20.769551837892266 12.5 2.0 -4.912716068750342 8.228150367736816
9490 3703 999999.0 999999.0 999999.0 999999.0 999999.0 999999.0 121.76599884033203
9490 1901 250.0 14.25 6.696620343709213 277.0 9.0 -2.557336953260773 101.63800048828125
9488 3702 4.0 4.5 -4.048629862975233 7.5 5.75 3.077335177102917 6.031630039215088
8939 6104 999999.0 999999.0 999999.0 999999.0 999999.0 999999.0 90.06890106201172
9507 3701 59.5 8.25 17.328188820655214 55.0 3.0 9.729576551168918 49.28779983520508
9502 1902 999999.0 999999.0 999999.0 999999.0 999999.0 999999.0 29.94930076599121
9502 3704 218.0 41.25 8.161743927854687 248.0 25.0 -3.950040817260742 56.73820114135742
9500 3704 312.0 8.25 -8.970062383434055 67.5 3.75 4.467242425256437 68.86489868164062
8150 1901 349.0 2.5 0.0 356.5 33.25 10.335996582897312 164.8820037841797
8568 3701 999999.0 999999.0 999999.0 999999.0 999999.0 999999.0 39.37670135498047
8568 12701 999999.0 999999.0 999999.0 999999.0 999999.0 999999.0 120.83200073242188
8943 3703 169.0 11.25 5.425366617055751 162.0 4.75 0.03377912908318592 163.5679931640625
8943 9102 271.5 7.75 12.646638298258011 279.0 4.25 19.608376097585577 99.8134994506836
8445 12702 220.5 4.0 15.160273372086422 230.0 1.5 16.8656994540084 50.91239929199219
8445 3702 151.0 6.75 13.638063821238276 173.5 7.250000000000001 10.665079786086732 159.80999755859375
8330 12705 999999.0 999999.0 999999.0 999999.0 999999.0 999999.0 131.24400329589844
8330 1901 343.5 12.25 -5.9704694270477034 45.5 6.5 8.571555873842769 45.449100494384766
8935 12701 999999.0 999999.0 999999.0 999999.0 999999.0 999999.0 120.30599975585938
8323 9101 999999.0 999999.0 999999.0 999999.0 999999.0 999999.0 172.80799865722656
8323 6103 125.0 4.5 -53.01612342596873 118.5 3.5 -26.02853519658551 122.82099914550781
8445 6102 999999.0 999999.0 999999.0 999999.0 999999.0 999999.0 20.985000610351562
9494 1902 999999.0 999999.0 999999.0 999999.0 999999.0 999999.0 23.86359977722168
9505 3701 999999.0 999999.0 999999.0 999999.0 999999.0 999999.0 38.256099700927734
8554 6102 999999.0 999999.0 999999.0 999999.0 999999.0 999999.0 50.109798431396484
8442 6104 999999.0 999999.0 999999.0 999999.0 999999.0 999999.0 12.353400230407715
8446 1902 249.5 4.5 12.183642359998217 62.0 5.0 10.81250937049876 53.616798400878906
8554 1902 132.5 8.0 8.5042173112084 110.0 6.25 6.71031572666044 117.27999877929688
8554 1901 999999.0 999999.0 999999.0 999999.0 999999.0 999999.0 37.60580062866211
8554 9102 999999.0 999999.0 999999.0 999999.0 999999.0 999999.0 172.7469940185547
8985 1902 328.0 10.75 5.075666559091271 322.0 5.5 10.236592172274857 144.50900268554688
9863 3701 999999.0 999999.0 999999.0 999999.0 999999.0 999999.0 170.31500244140625
8950 3701 999999.0 999999.0 999999.0 999999.0 999999.0 999999.0 172.87100219726562
8933 9102 999999.0 999999.0 999999.0 999999.0 999999.0 999999.0 96.59709930419922
8933 6101 999999.0 999999.0 999999.0 999999.0 999999.0 999999.0 62.85449981689453
8932 12703 999999.0 999999.0 999999.0 999999.0 999999.0 999999.0 59.1786994934082
9876 1902 210.5 22.0 -3.8604950129182 213.0 20.25 9.67149926772096 33.192501068115234
8949 6101 999999.0 999999.0 999999.0 999999.0 999999.0 999999.0 161.4739990234375
8931 3704 999999.0 999999.0 999999.0 999999.0 999999.0 999999.0 40.11520004272461
8949 6104 999999.0 999999.0 999999.0 999999.0 999999.0 999999.0 37.6952018737793
9876 1901 999999.0 999999.0 999999.0 999999.0 999999.0 999999.0 107.66400146484375
8949 12704 999999.0 999999.0 999999.0 999999.0 999999.0 999999.0 163.27499389648438
8934 1901 999999.0 999999.0 999999.0 999999.0 999999.0 999999.0 109.14299774169922
9863 1902 999999.0 999999.0 999999.0 999999.0 999999.0 999999.0 130.5
9863 6104 999999.0 999999.0 999999.0 999999.0 999999.0 999999.0 47.52980041503906
8935 1901 999999.0 999999.0 999999.0 999999.0 999999.0 999999.0 83.59089660644531
8933 12703 999999.0 999999.0 999999.0 999999.0 999999.0 999999.0 123.73500061035156
8935 1902 999999.0 999999.0 999999.0 999999.0 999999.0 999999.0 174.3209991455078
8983 1901 999999.0 999999.0 999999.0 999999.0 999999.0 999999.0 76.37129974365234
8982 3704 347.0 16.0 25.116232672897382 168.5 15.5 18.433674841120332 119.7509994506836
8952 9101 206.0 3.75 11.156201470951117 205.0 3.75 7.3024269752205555 22.677400588989258
9881 6104 215.0 3.0 33.35220944579949 236.5 3.5 11.115110641115512 86.57060241699219
9881 1901 114.0 8.5 -2.221070102268577 109.5 9.5 -1.80544101216951 112.66000366210938
7495 3704 191.0 16.000000000000007 24.893207369498732 185.0 4.5 25.100786549814586 71.0186996459961
8241 6104 999999.0 999999.0 999999.0 999999.0 999999.0 999999.0 80.7833023071289
8448 12701 999999.0 999999.0 999999.0 999999.0 999999.0 999999.0 107.54100036621094
8448 1902 999999.0 999999.0 999999.0 999999.0 999999.0 999999.0 111.75900268554688
8449 1902 118.0 16.0 7.9784618678384405 117.5 89.75 8.038297889926124 114.61100006103516
8449 3702 999999.0 999999.0 999999.0 999999.0 999999.0 999999.0 79.80059814453125
8450 6104 94.5 5.0 6.996556233019376 102.0 5.25 7.643396842796605 117.94100189208984
8311 6103 172.0 4.25 46.55820162040317 168.5 5.75 9.266428152380634 164.2480010986328
8311 1901 198.0 6.0 23.55596103905853 24.0 6.75 10.910161081332856 26.225000381469727
9881 9101 246.5 6.0 12.430506891863459 255.0 4.5 9.657591682367617 95.12560272216797
9881 1902 330.0 6.75 4.959204648550887 82.5 18.75 9.796611644663612 101.85600280761719
8320 1901 215.5 4.75 16.911449133167395 338.0 18.5 10.935027164184113 149.6699981689453
8483 3703 286.5 3.0 0.0 264.0 4.75 5.506956604404394 89.80480194091797
8483 12703 303.0 7.25 -2.6743895152275705 253.5 13.0 -15.338378490768932 151.1269989013672
8458 6104 270.5 16.5 1.4194424827289571 248.0 25.0 1.293236186290322 66.14649963378906
7958 9102 82.0 8.0 8.843441009521484 25.5 17.75 6.513511222055595 21.632200241088867
7958 3704 122.0 89.75 -2.8249019993019644 333.5 26.0 -0.9843985746436135 149.5330047607422
9185 9102 197.0 4.0 0.0 192.0 6.25 -8.090404611391405 16.588199615478516
9194 6102 7.0 8.250000000000007 3.2607803722634254 345.5 11.5 6.053909168591872 159.3179931640625
8132 6103 999999.0 999999.0 999999.0 999999.0 999999.0 999999.0 174.10499572753906
8131 12702 270.0 30.5 64.50778102874756 68.0 4.0 0.0 41.279998779296875
8153 6103 999999.0 999999.0 999999.0 999999.0 999999.0 999999.0 101.90599822998047
9181 3704 999999.0 999999.0 999999.0 999999.0 999999.0 999999.0 121.63899993896484
8717 6104 999999.0 999999.0 999999.0 999999.0 999999.0 999999.0 101.10600280761719
7975 3704 300.0 2.25 11.313190877694097 344.0 89.75 1.8207204157213361 126.24099731445312
8937 12702 999999.0 999999.0 999999.0 999999.0 999999.0 999999.0 19.413400650024414
8939 9101 328.0 3.75 0.4724715917190139 18.5 7.25 -1.1345525175454245 20.538700103759766
9488 6104 999999.0 999999.0 999999.0 999999.0 999999.0 999999.0 154.35699462890625
8461 12701 144.5 9.0 -19.062758905260296 103.0 7.25 4.0696174080384555 118.20899963378906
8330 6103 2.5 4.250000000000008 -0.5351325268350706 6.5 4.5 -5.9217924194329346 158.73699951171875
9039 12701 999999.0 999999.0 999999.0 999999.0 999999.0 999999.0 91.43779754638672
9025 6101 179.5 7.9999999999999964 52.26162693945886 149.5 9.0 35.418984892921486 141.01800537109375
8612 6102 10.0 5.75 -35.41599921714321 357.5 49.75 4.247564216881193 163.06900024414062
8133 6103 184.5 4.500000000000001 2.9908110624377002 94.5 44.0 -0.25048174930129585 85.96900177001953
9881 3704 164.0 14.500000000000002 -0.3254670923312961 89.0 3.5 -2.558144271981874 79.20929718017578
8983 12704 999999.0 999999.0 999999.0 999999.0 999999.0 999999.0 155.0919952392578
8600 9101 999999.0 999999.0 999999.0 999999.0 999999.0 999999.0 95.44059753417969
9029 9101 235.5 3.0 -9.594418328520831 236.0 5.75 -1.2471677368883576 56.75450134277344
8329 9101 999999.0 999999.0 999999.0 999999.0 999999.0 999999.0 113.16400146484375
8322 3702 999999.0 999999.0 999999.0 999999.0 999999.0 999999.0 99.2437973022461
8331 3701 312.0 7.5 14.728528943605514 303.0 12.5 4.821000389840236 119.2030029296875
8466 3701 311.0 5.5 22.497211884356147 232.0 9.0 11.000677285209738 40.387699127197266
8990 12702 999999.0 999999.0 999999.0 999999.0 999999.0 999999.0 165.67999267578125
8999 3702 999999.0 999999.0 999999.0 999999.0 999999.0 999999.0 71.53880310058594
8595 12704 162.5 11.75 -2.440961156650471 124.0 15.75 -0.7246644885043025 14.89490032196045
