Plate IFU PA_Ha PA_Ha_Error Ha_Vsyst PA_Stellar PA_Stellar_Error Stellar_Vsyst PA_drpall
9042 3704 999999.0 999999.0 999999.0 999999.0 999999.0 999999.0 146.48500061035156
8439 6104 284.5 1.25 12.507471844445405 5.5 2.5 19.324674867602134 52.16299819946289
9502 9101 68.5 2.75 28.87821294377261 282.0 3.0 -0.2148023371847625 92.68689727783203
8943 12705 999999.0 999999.0 999999.0 999999.0 999999.0 999999.0 21.239700317382812
8274 12705 326.0 2.25 85.26106939066179 343.5 1.0 105.0283103011575 156.19000244140625
9043 12703 103.5 9.75 -30.881651253087398 2.5 8.000000000000004 -12.317446367995785 87.11009979248047
8727 3703 18.5 2.75 -180.05335235595703 143.0 12.0 -194.60760605795173 132.8699951171875
8612 1901 37.5 0.5 -280.0738545237855 35.0 0.5 -319.5341935407105 146.5659942626953
9044 6104 999999.0 999999.0 999999.0 999999.0 999999.0 999999.0 59.15879821777344
8482 1901 322.5 47.00000000000001 1.4417149972458851 271.0 31.75 14.390541972015594 118.46499633789062
8443 6101 216.5 1.5 52.38155077976157 65.0 5.0 28.069819812416416 60.93989944458008
8454 12705 129.0 13.5 -30.732881895391067 174.5 16.750000000000007 -43.0230468922935 88.74739837646484
8256 12705 325.5 0.75 89.58553255280512 336.0 0.5 103.51173448913215 156.19000244140625
8948 1901 184.5 4.25 103.14712706593247 22.0 3.0 57.74163256659574 20.30109977722168
8158 3701 288.5 5.5 40.56975939604702 288.0 1.5 32.634624849836285 109.99199676513672
7992 12702 276.5 4.25 3.292277380922073 34.0 12.75 3.0562333252016245 19.058700561523438
7992 3701 126.0 9.75 -6.487923438429604 334.5 10.0 -1.6475011587851434 157.322998046875
7992 12705 999999.0 999999.0 999999.0 999999.0 999999.0 999999.0 18.096599578857422
8611 1902 224.5 3.0 11.89776806289072 226.0 4.25 12.152552275176948 46.183101654052734
7991 3704 164.5 2.25 21.07144424016727 161.5 2.5 15.810344167998352 162.41299438476562
7990 3701 278.0 3.75 16.820047435252206 275.0 8.75 19.579376282770852 91.21389770507812
8625 6103 196.0 1.0 47.21852435086498 55.5 16.0 17.471232437885966 177.5330047607422
8626 12701 18.5 3.75 57.52111754722405 269.0 3.0 63.21159823990123 107.89700317382812
7990 12705 104.5 0.5 0.0 243.0 35.0 -9.585518026288026 108.99299621582031
9196 1901 310.0 3.75 27.79455423313192 110.5 3.0 10.944239008339082 109.4729995727539
8611 6101 182.5 2.25 3.613823425712468 57.0 4.25 15.000128408066786 56.950599670410156
9196 12702 202.0 23.25 12.522222564857792 324.0 3.5 0.0 2.0418100357055664
8655 9101 999999.0 999999.0 999999.0 999999.0 999999.0 999999.0 45.60940170288086
8153 9101 77.5 5.75 -18.02892595775515 70.5 24.5 -2.776061417779202 86.0457992553711
8153 6104 51.5 0.5 12.120466653475695 41.0 6.0 2.4804614651152264 56.29750061035156
8077 3701 265.0 3.5 10.423420589748119 262.5 2.25 6.370227294096463 64.6239013671875
8153 12703 357.5 14.750000000000007 2.1456266943249496 344.0 25.999999999999996 0.7893424792967281 154.03399658203125
8077 1901 999999.0 999999.0 999999.0 999999.0 999999.0 999999.0 71.80860137939453
8077 6101 103.0 2.25 13.91075349269018 106.5 29.0 0.4638252258300781 60.27510070800781
8077 1902 999999.0 999999.0 999999.0 999999.0 999999.0 999999.0 129.24200439453125
8154 6103 110.5 3.0 20.079130676199327 131.0 9.5 8.584405597060696 119.83799743652344
8154 3704 237.5 5.75 -9.158138607734863 278.5 3.75 -8.045990359398317 100.86499786376953
8081 12701 98.5 3.5 -13.178392539272018 87.5 4.25 1.541377376763612 53.2317008972168
9194 3704 168.5 7.25 15.843741387835763 98.0 18.25 3.1872206753755385 67.96399688720703
9194 1902 999999.0 999999.0 999999.0 999999.0 999999.0 999999.0 34.707000732421875
9193 1902 242.5 4.25 28.378043603785272 239.5 3.5 26.485570932932156 57.36109924316406
8082 1901 334.5 14.25 7.709009710275176 192.5 89.75 4.47060393430537 163.0229949951172
8081 3702 216.0 89.75 9.915952846728253 199.0 89.75 8.149259090423584 176.6439971923828
8083 3701 191.5 89.75 1.9477867393615362 198.5 89.75 3.008913813614092 122.0999984741211
8083 1902 324.5 3.0 26.934946309095913 295.0 34.25 14.227164099916308 102.89399719238281
8084 6104 220.0 6.75 10.060294155438555 200.0 5.5 17.310808959640205 14.451800346374512
8155 1901 90.5 20.5 13.675026572350333 271.5 21.0 5.905349045058507 85.95120239257812
8084 1902 229.0 13.5 6.931216548158464 316.5 18.75 0.0 137.25999450683594
8135 6102 256.0 10.5 -26.988309860229492 231.0 4.0 3.5010627700436103 33.42729949951172
8137 1902 334.5 9.0 1.520921741521633 182.0 7.250000000000006 10.718586273899717 177.11900329589844
8137 6103 304.0 4.25 34.48292773915476 184.5 3.5 24.51512684814969 3.764470100402832
8137 3701 358.5 7.0 15.826632973127118 359.5 2.499999999999999 13.030211427258891 178.21400451660156
8140 3702 311.5 3.75 10.79605495590053 122.0 5.0 13.278589240201509 108.31999969482422
8713 3703 38.5 7.0 8.289443342170017 98.0 89.75 4.601850394858232 101.6969985961914
8143 1902 209.0 31.75 57.176700670409915 51.0 39.5 10.66458307862218 52.857200622558594
8141 3704 226.5 7.5 12.078832013046082 230.0 7.75 9.062857819046386 49.65549850463867
8143 6103 244.0 2.25 -0.23445378893953261 314.0 2.0 2.63752102096991 108.83100128173828
8143 3703 160.5 13.75 5.968982444256177 125.5 11.25 0.531450772159392 133.46800231933594
8143 6104 26.5 1.5 13.805990040324787 25.0 4.5 -1.4706732316058293 20.395599365234375
8243 3701 113.0 14.75 -0.676118366158903 191.5 13.0 9.745559740908966 17.962499618530273
10001 6103 184.0 15.000000000000004 -6.965709686279297 254.0 6.0 12.352970649321747 32.074501037597656
8721 1901 128.0 15.5 34.97451042821123 103.5 18.0 23.423283552122005 127.27899932861328
8728 3701 155.0 2.5 -7.657624775354094 173.5 3.75 15.59898445924457 5.265379905700684
8158 12704 122.5 0.5 -471.9292119989806 183.0 23.25 12.635935003211891 13.01259994506836
8158 12703 213.5 2.0 -5.50454122833807 215.0 72.5 2.8424761970767243 109.9530029296875
9512 3702 133.0 4.0 24.070211151715867 127.5 4.5 9.773268369131138 129.39500427246094
9512 3701 999999.0 999999.0 999999.0 999999.0 999999.0 999999.0 28.389400482177734
9512 1901 999999.0 999999.0 999999.0 999999.0 999999.0 999999.0 120.6050033569336
9512 6102 161.0 9.0 6.618055560603036 176.5 6.749999999999998 9.189963894986974 133.7550048828125
9512 12703 336.0 3.75 64.2212010517607 283.0 79.5 22.103794520782678 17.2007999420166
9512 12702 999999.0 999999.0 999999.0 999999.0 999999.0 999999.0 35.74359893798828
10001 9102 96.5 9.25 -4.736645942350727 123.0 4.25 -13.989715970134768 115.74500274658203
9181 12701 341.5 5.0 59.38742732173583 14.0 23.25 3.4931897177870965 86.49829864501953
9181 12704 285.5 70.5 25.03043810024363 291.0 12.5 5.823526304809908 5.4864301681518555
9183 6104 138.0 5.0 -3.4404648118014833 108.0 8.0 -3.2829530984500224 117.12999725341797
9182 3703 185.5 3.75 2.6110149530700832 169.5 3.5 -3.2712275187174455 169.4810028076172
8725 1902 8.0 0.5 -80.51641634951439 23.5 40.50000000000001 4.8227104512333225 64.31649780273438
8725 6101 999999.0 999999.0 999999.0 999999.0 999999.0 999999.0 169.25
8725 3704 238.0 18.0 5.2066059539180785 238.5 20.25 2.108372324633894 6.230820178985596
8725 12703 7.0 13.499999999999998 -2.824034591633037 124.5 89.75 -0.18830015094146724 135.79600524902344
8548 3701 240.0 5.25 28.648576165141424 249.5 9.5 16.3898221751094 78.1886978149414
8482 12704 109.0 1.0 0.43124123042506124 215.5 11.0 41.107213707331056 87.28949737548828
8548 12705 141.5 6.25 2.3201432354768485 162.0 6.75 12.43446159362793 143.64700317382812
8483 9101 116.5 14.25 17.404400709255654 272.0 3.75 12.808336973190308 86.94419860839844
9026 12701 4.5 1.75 33.96675018879131 8.5 1.25 20.427914487598215 8.462220191955566
8555 6104 313.5 1.25 16.001094978129117 65.5 23.0 6.1553420767315545 36.124900817871094
8612 6101 165.0 2.5 33.396349539092256 163.5 1.5 29.157134438607457 163.59100341796875
8078 1902 257.0 5.75 16.325467129350812 255.5 9.0 9.664017382194004 106.45999908447266
8156 9101 42.5 4.75 0.0 279.0 89.75 8.773916990537476 111.61299896240234
8618 6102 37.0 9.0 8.310808569441289 253.0 4.5 1.8297354745081975 66.73030090332031
8618 12705 217.0 1.5 43.55783805183387 197.5 89.75 26.205845023577893 149.7469940185547
8618 6104 312.0 1.5 6.88046114177105 309.0 4.25 6.451207265976564 132.1179962158203
7815 6102 169.0 25.0 -7.870361209594447 257.0 2.75 2.5550670152411996 175.1790008544922
7977 12702 25.0 76.25 0.0 297.0 10.0 0.0 9.928770065307617
7977 3701 244.0 5.5 -15.5004649469575 57.0 8.75 -10.611246067712527 59.060001373291016
8977 3701 999999.0 999999.0 999999.0 999999.0 999999.0 999999.0 157.36900329589844
8717 6101 343.5 8.5 -8.961789862324757 339.5 5.0 -6.652695042971163 162.44900512695312
8717 12702 999999.0 999999.0 999999.0 999999.0 999999.0 999999.0 43.641300201416016
9486 6103 999999.0 999999.0 999999.0 999999.0 999999.0 999999.0 84.22889709472656
8549 9101 269.5 1.75 53.030501398668626 55.0 9.25 0.3067359406767549 176.7830047607422
8549 3704 145.0 3.75 42.73779588050752 143.0 2.25 36.05807471912436 141.22000122070312
9029 9102 236.0 14.75 76.85969516656677 73.5 37.75 3.444959409850086 130.19400024414062
8555 9101 999999.0 999999.0 999999.0 999999.0 999999.0 999999.0 79.91549682617188
8555 3701 188.5 4.25 4.015535881465773 213.0 2.0 -19.394623029033426 15.10990047454834
8555 3702 999999.0 999999.0 999999.0 999999.0 999999.0 999999.0 0.7929990291595459
8978 3704 129.5 9.0 -16.705270903905905 112.0 5.0 -17.583465129816766 126.90699768066406
9869 3701 14.5 35.25 14.772773578519162 226.5 13.25 12.252259280745236 46.503700256347656
8613 3702 241.0 2.75 0.0 137.0 24.75 15.347742942822899 135.48300170898438
8606 3704 83.5 26.5 4.612620443873559 76.5 89.75 6.174497795999507 79.45390319824219
8247 3704 67.5 7.0 -3.852145895582055 141.0 7.25 5.057914060339584 136.947998046875
8247 3703 15.5 3.5 12.910826195301617 8.0 2.75 16.092626546285885 6.033390045166016
8250 9102 41.0 0.5 0.7967178942422493 51.0 2.75 -16.30024074649414 53.168399810791016
8149 1901 295.5 8.75 12.967782171327627 301.0 24.25 9.220521167189904 123.79399871826172
8149 3702 18.5 11.0 8.250024188681305 32.0 8.75 0.0 28.23579978942871
8938 1902 87.5 21.0 8.608538880815921 306.0 6.0 -0.31458869325588523 130.43299865722656
8938 9102 343.5 2.25 32.919403049193505 340.0 4.75 29.357859481006273 153.21099853515625
8948 3702 206.0 3.5 8.923423266138734 206.5 5.25 8.807421505227687 3.289180040359497
8999 3703 999999.0 999999.0 999999.0 999999.0 999999.0 999999.0 141.51499938964844
8997 1902 3.0 2.0 11.33526079756669 347.5 3.0 17.798722094534412 164.0850067138672
8992 3701 226.0 6.0 14.686527252197266 268.5 4.25 3.588463451036879 76.12470245361328
8992 6102 292.0 6.25 29.5319916672627 313.5 2.25 5.287715567117765 133.13099670410156
8992 12705 187.5 4.5 -12.106527850805442 164.5 3.75 -4.924335479736328 159.17300415039062
8997 3703 299.5 19.5 -2.2708474306695443 312.0 9.0 -12.232127169073635 153.8509979248047
8992 3704 179.0 1.249999999999998 13.268510430690334 356.5 6.2500000000000036 3.484043749134536 169.71499633789062
8991 1902 999999.0 999999.0 999999.0 999999.0 999999.0 999999.0 158.57699584960938
8936 3704 60.0 22.75 -15.108462356619436 48.5 89.5 4.876954046084798 74.34290313720703
9184 3701 2.5 6.500000000000006 17.861458868610924 193.0 4.5 10.881570818005741 12.83810043334961
9184 1902 78.0 0.5 289.1893084042817 231.0 2.75 9.726698498315674 140.8820037841797
8249 6103 2.5 8.499999999999996 19.329448894738796 14.0 17.250000000000004 11.930073300990568 62.503700256347656
8941 9101 311.5 28.25 -8.30168612254758 304.0 32.25 -0.2278117117649483 113.36699676513672
8940 3702 999999.0 999999.0 999999.0 999999.0 999999.0 999999.0 60.59619903564453
8461 1902 96.5 25.0 9.762263671174212 86.0 14.5 11.193510762802205 85.4447021484375
8461 6104 197.5 18.750000000000007 2.3212161938324343 173.5 65.25 6.217661351725006 6.103030204772949
8456 1902 221.0 16.25 19.036373823100735 120.5 4.25 19.15360589212873 118.56800079345703
8456 6103 96.5 1.5 9.579874340126203 109.0 6.5 27.20984511971855 107.82499694824219
8454 9101 248.5 3.0 -0.2991407594392399 250.0 6.0 0.0 69.69560241699219
8453 3703 248.5 10.75 2.6782139603705453 256.0 89.75 1.8779030949837918 149.0070037841797
8993 3703 216.5 4.0 24.02375108539153 225.5 2.0 20.981393093301463 63.90879821777344
8999 9101 305.5 21.25 3.43898097728317 2.0 5.2499999999999964 5.01113115338913 3.3805201053619385
8946 1901 222.5 7.25 8.619444653587237 278.0 4.75 12.741237083369015 103.58300018310547
8613 3701 133.5 8.0 33.68313980102539 239.5 27.0 8.040349172121493 156.9810028076172
8613 6102 999999.0 999999.0 999999.0 999999.0 999999.0 999999.0 56.76620101928711
9185 1901 327.0 89.75 12.251876643020323 56.0 89.75 -8.405166459391218 151.7209930419922
7958 3703 280.0 2.5 4.57710938576848 280.5 2.75 5.798472888400852 106.53600311279297
7960 1902 999999.0 999999.0 999999.0 999999.0 999999.0 999999.0 169.0959930419922
7960 3701 125.0 18.25 17.2281295797318 144.5 7.75 7.2042698986227975 136.1060028076172
7960 6104 248.5 22.5 18.885149002075195 254.0 6.0 9.172610759735107 171.45799255371094
7962 3704 999999.0 999999.0 999999.0 999999.0 999999.0 999999.0 9.578949928283691
7962 1902 999999.0 999999.0 999999.0 999999.0 999999.0 999999.0 126.07099914550781
9085 3701 118.0 18.0 0.0 253.5 5.5 16.063822043630182 74.95890045166016
9085 6104 346.0 15.25 0.05620861053466797 343.5 5.0 -4.627260907673476 160.93699645996094
7962 9102 295.5 7.0 22.330647798997145 207.5 89.75 19.70953371846405 76.38870239257812
8623 3702 42.0 12.75 9.724537044321444 232.5 9.25 8.0913398148403 50.74259948730469
8623 6102 99.5 10.5 12.827042167332056 331.5 11.25 10.97309382587708 131.2239990234375
7964 3702 158.5 5.5 12.161956525523596 247.0 5.75 5.743233997605827 80.404296875
7964 1902 169.5 89.0 -3.7687698513930803 262.0 89.75 3.838039743371222 141.36000061035156
7968 9102 223.0 2.0 12.02033761260224 250.5 7.0 9.198536647171661 84.8281021118164
8616 6101 160.5 5.0 22.838478088378906 168.5 2.75 18.85401588502316 165.86199951171875
8616 1902 175.0 3.25 9.055081831949899 139.5 2.75 5.64518241123622 135.8820037841797
8616 12701 999999.0 999999.0 999999.0 999999.0 999999.0 999999.0 155.07000732421875
7968 3703 245.5 25.0 29.15467326792671 258.5 5.0 26.796943270472703 75.50199890136719
9000 12701 999999.0 999999.0 999999.0 999999.0 999999.0 999999.0 13.809499740600586
9000 3702 189.0 9.250000000000007 24.237005007650993 299.0 89.75 15.291077136993408 160.4340057373047
9000 6104 999999.0 999999.0 999999.0 999999.0 999999.0 999999.0 24.553600311279297
8995 3703 187.0 4.0 -1.2807055686821656 353.0 6.25 -10.582327629378174 161.61500549316406
8995 12703 135.0 12.5 -52.85150393843651 293.5 26.5 13.851946351282836 137.19700622558594
8309 6102 999999.0 999999.0 999999.0 999999.0 999999.0 999999.0 178.76800537109375
8309 12704 999999.0 999999.0 999999.0 999999.0 999999.0 999999.0 163.20700073242188
9864 3702 175.0 2.75 26.047534525805204 274.5 23.25 19.545039713437916 74.21109771728516
9864 1902 999999.0 999999.0 999999.0 999999.0 999999.0 999999.0 125.48999786376953
8591 1902 999999.0 999999.0 999999.0 999999.0 999999.0 999999.0 148.31300354003906
9864 12705 354.0 10.000000000000007 0.006647350989879897 345.0 3.75 -8.324356868860185 167.39999389648438
9865 9101 239.5 44.75 40.37168555368165 209.0 17.25 16.228040078251166 159.0970001220703
8597 3704 130.0 0.5 71.77618261701585 239.5 9.5 12.68536721634466 46.858001708984375
8597 3703 214.0 5.5 10.582124505587288 223.5 2.0 -0.405152278184282 38.89630126953125
9034 6103 231.5 3.75 22.89679676316007 233.5 3.75 14.690323378605626 57.30839920043945
9870 1902 22.0 28.75 -13.679095706251928 243.0 12.75 4.133309646428815 67.31529998779297
9037 1901 999999.0 999999.0 999999.0 999999.0 999999.0 999999.0 96.06449890136719
8146 3701 55.0 7.5 17.5757468255825 49.0 4.75 18.501185968531423 45.605499267578125
8938 1901 999999.0 999999.0 999999.0 999999.0 999999.0 999999.0 8.881199836730957
9184 9101 73.0 11.5 0.0 259.5 9.5 65.1666996799066 171.21099853515625
8592 1901 999999.0 999999.0 999999.0 999999.0 999999.0 999999.0 30.528900146484375
8592 12703 999999.0 999999.0 999999.0 999999.0 999999.0 999999.0 152.45899963378906
8486 3702 300.5 89.75 7.998865483255697 135.5 24.25 0.14809519650693337 129.41600036621094
9031 3704 156.5 3.0 17.099984248441842 238.0 4.75 21.650941754502018 65.68479919433594
9036 3703 159.0 2.25 22.75127881246081 243.0 3.5 29.28611978208515 65.68479919433594
8550 1902 999999.0 999999.0 999999.0 999999.0 999999.0 999999.0 158.47000122070312
8312 9102 305.0 2.25 37.76329653840948 2.5 3.500000000000001 17.71919822692871 175.50599670410156
8604 6104 259.0 14.75 23.106952103141797 265.5 7.25 16.37530311495257 87.0238037109375
8312 1901 248.5 21.25 -5.131379189531996 301.0 18.25 -1.9843412311993367 124.0469970703125
8604 6102 18.0 2.25 0.0 173.0 21.5 11.83597731590271 73.56780242919922
9883 6101 35.5 4.5 93.39121934858775 221.5 9.0 47.556754040791915 34.098899841308594
8440 3701 316.5 5.25 -6.050952108566651 314.0 4.75 5.789121645163183 135.41299438476562
8440 9101 7.0 2.0 23.610859659230215 336.0 2.25 -3.489522049719902 173.53900146484375
8440 12702 999999.0 999999.0 999999.0 999999.0 999999.0 999999.0 64.50050354003906
8247 6101 10.5 1.25 -9.108972263859982 30.5 15.5 0.7299082752011001 52.95610046386719
8247 9102 201.0 15.5 11.132518879864005 38.5 10.0 2.3577369206426795 129.4199981689453
8247 6103 72.5 2.0 31.2591939887252 241.5 1.5 0.0 59.39910125732422
8250 1902 197.0 3.75 -2.6402677934651138 103.0 2.75 20.39138762158587 107.85399627685547
8458 9101 999999.0 999999.0 999999.0 999999.0 999999.0 999999.0 9.279500007629395
8726 6101 999999.0 999999.0 999999.0 999999.0 999999.0 999999.0 71.84030151367188
8149 12705 216.0 3.0 -45.57407789211661 192.0 4.25 16.025784252960413 103.68599700927734
8942 3701 265.0 2.5 -3.3998641760279185 258.0 2.25 9.93079664962194 78.77069854736328
8941 3704 71.5 16.25 7.6545401669140745 83.0 8.75 9.750405174066529 91.28880310058594
9510 6104 49.5 5.25 -5.525179512523692 250.5 24.25 -12.677052526843026 142.93099975585938
9509 3701 999999.0 999999.0 999999.0 999999.0 999999.0 999999.0 149.85299682617188
9509 1902 102.0 12.0 -8.122088765739175 103.0 11.5 -3.839915075141691 113.02899932861328
8942 6101 307.5 28.75 -15.611268422004237 322.5 42.25 0.0 159.87100219726562
9510 3701 85.0 40.25 -6.293970165199543 235.0 9.0 -8.41993441011142 49.87419891357422
8319 3702 83.5 9.25 -19.40368663667394 157.0 5.25 5.657986011417719 32.7859001159668
8319 6104 4.0 33.50000000000001 3.524639943205413 272.5 11.0 16.59968290111675 131.69200134277344
8325 6101 150.0 7.0 22.07374822125145 221.5 33.25 6.289134602340836 41.07740020751953
8325 1901 333.0 21.5 11.442030055715069 172.0 9.000000000000007 12.677331612499373 161.40899658203125
8325 1902 107.0 15.0 7.721985554718497 123.5 10.0 6.8214819516181215 124.66000366210938
8329 1902 358.0 9.000000000000007 5.714328208336527 351.0 44.5 14.677444550847955 115.58899688720703
8326 3701 243.0 2.75 31.670670517849075 81.5 4.75 18.18568625301929 93.643798828125
8329 1901 243.5 3.25 32.973183991057546 81.5 5.0 14.980103376706126 93.643798828125
8980 3701 115.0 12.0 20.389575015490003 189.5 63.75 11.365758505911366 28.16830062866211
8980 1902 7.5 5.25 26.991376786018478 179.5 5.499999999999998 17.238977926157883 3.204930067062378
8980 12703 318.5 7.75 -1.966090374765698 334.0 49.00000000000001 -3.9564661650276047 135.39700317382812
9871 9102 999999.0 999999.0 999999.0 999999.0 999999.0 999999.0 9.344189643859863
8591 3702 273.5 11.25 22.942056309391056 153.0 12.5 2.0123453236617275 151.56500244140625
8591 6101 222.0 1.5 85.21633839520283 154.5 7.0 19.15715688958846 146.40499877929688
8591 3701 113.5 28.5 0.36446296438806947 33.5 5.75 22.327251593491535 21.458599090576172
8547 9101 257.0 15.0 -7.491237624367766 347.5 15.5 28.705947256325572 167.11099243164062
8595 1901 999999.0 999999.0 999999.0 999999.0 999999.0 999999.0 146.48800659179688
8592 3701 34.5 2.25 40.24948784826279 40.0 1.75 37.0465178639472 39.97060012817383
9865 12703 999999.0 999999.0 999999.0 999999.0 999999.0 999999.0 94.36470031738281
8551 3703 233.5 4.25 39.30080568790436 98.0 12.75 25.388943235034674 119.43699645996094
9037 6103 207.0 4.75 17.924509714517963 220.5 6.0 18.286671790870535 51.595401763916016
9037 1902 132.5 8.75 -1.1060685257575216 130.5 10.25 -0.32163181062336044 133.50999450683594
9035 1901 332.0 17.25 3.745351174308281 332.5 14.75 5.854586223168261 153.71499633789062
8551 3704 206.0 6.25 7.028695042924937 219.0 11.25 3.135376881840685 78.15280151367188
9036 1902 153.0 30.25 0.05261608070406876 322.5 13.0 -0.11702388440911449 145.21400451660156
8335 9101 999999.0 999999.0 999999.0 999999.0 999999.0 999999.0 134.55599975585938
8454 6102 171.0 0.5 0.0 344.0 8.0 5.491654484030865 113.62899780273438
8454 1902 999999.0 999999.0 999999.0 999999.0 999999.0 999999.0 122.15599822998047
8455 12703 193.0 39.75 30.91576495138633 330.5 69.5 10.004134521350416 9.404080390930176
8253 1902 121.0 19.25 2.9760970151377535 338.0 14.0 7.490679025650024 159.2740020751953
8258 6102 69.0 0.75 -29.356696731563147 67.0 2.25 -3.389591862862808 68.82929992675781
8257 3701 172.5 1.75 18.46127614168735 179.5 6.500000000000005 18.049803759833186 175.75399780273438
8274 1902 267.0 24.5 0.0 255.5 89.75 2.4517636284609985 103.06600189208984
8451 1902 268.0 89.75 2.553884506225586 153.0 89.75 -1.546644567382734 103.06600189208984
8451 6104 281.5 0.5 -17.919481804108663 297.5 80.75 3.194232606798632 177.90199279785156
8466 6102 359.5 3.75 59.41648619435025 354.0 5.0 12.07801692646554 179.71099853515625
8261 9101 133.5 5.0 43.22697413563516 133.5 3.5 30.00012532528892 134.17599487304688
8464 1901 999999.0 999999.0 999999.0 999999.0 999999.0 999999.0 151.96499633789062
8464 1902 177.5 8.000000000000004 5.438960536954724 160.5 9.75 1.7499309599309925 135.37399291992188
8317 12701 95.5 6.5 27.32581739003668 124.5 0.5 11.382306098937988 100.49800109863281
8318 12701 343.5 0.5 48.3821096537674 342.5 2.75 -4.643566115409058 159.8489990234375
8447 6102 999999.0 999999.0 999999.0 999999.0 999999.0 999999.0 136.86500549316406
9039 1902 190.5 3.5 15.210997483985842 348.5 1.5 20.459238955676597 165.49099731445312
9041 12705 72.5 0.5 0.0 57.5 5.5 14.037289335654613 45.239200592041016
9028 3702 189.0 7.75 16.385533790030607 20.0 6.5 15.45981898453161 16.95829963684082
9028 1901 999999.0 999999.0 999999.0 999999.0 999999.0 999999.0 41.00510025024414
8568 1902 62.5 7.25 2.9262962341308594 102.0 6.5 1.7974292670309246 99.18669891357422
8568 1901 30.5 3.25 14.272245523231305 323.0 3.75 19.033254897976217 150.72500610351562
8253 1901 1.0 88.5 -3.840125318105002 229.5 36.0 -2.6412908038725984 88.6675033569336
8253 9101 43.5 0.5 1.481963036680332 153.0 2.75 -0.12692522242922166 155.7480010986328
8254 3701 260.5 1.25 30.075232848761104 307.0 7.0 22.45247725681163 130.7480010986328
8254 3703 50.0 21.25 3.1685290114701328 66.0 11.25 0.36305636861146695 66.19190216064453
8466 1901 146.5 32.5 3.556044765575013 239.5 7.5 8.767383606822719 60.27109909057617
8946 3703 150.5 3.0 25.058894835638256 192.5 4.0 9.498816905304341 156.97500610351562
8946 9102 102.5 23.5 -71.95592704640967 21.0 17.0 21.885176007633667 155.98699951171875
8945 6102 105.5 1.25 15.211897152455094 100.0 1.25 5.805709614075511 100.2239990234375
8259 1901 322.5 23.75 19.513178645307455 43.5 16.25 6.2398778302370275 58.08769989013672
8261 12701 341.0 1.25 -9.168256832754352 196.5 13.0 7.29281071673263 148.02499389648438
8262 6102 197.5 5.75 -3.6430547463514955 208.0 5.5 6.0761390567598035 22.170400619506836
8317 12702 999999.0 999999.0 999999.0 999999.0 999999.0 999999.0 35.1505012512207
8318 1901 303.0 4.5 41.37469334363297 116.0 3.75 15.698039393580927 117.08599853515625
8465 1902 241.5 13.0 7.383632469654438 242.5 15.75 2.103794972773185 77.9136962890625
9049 1902 999999.0 999999.0 999999.0 999999.0 999999.0 999999.0 128.4550018310547
9047 6102 26.5 5.0 31.601295471191406 327.0 39.25 15.493168531606159 65.6458969116211
9047 1901 228.0 7.25 -0.9544714329598207 265.5 6.5 -6.37327072300625 98.10299682617188
9047 1902 999999.0 999999.0 999999.0 999999.0 999999.0 999999.0 31.57379913330078
9048 3703 999999.0 999999.0 999999.0 999999.0 999999.0 999999.0 127.88300323486328
9048 1901 82.0 9.25 8.148540368018558 94.0 10.75 4.970493338238429 112.7750015258789
9047 12701 122.0 9.0 0.0 226.5 42.75 16.856934070587158 75.19999694824219
9492 3702 306.5 16.25 16.965394052102532 62.0 4.25 23.173647789272934 68.47049713134766
9497 12705 323.5 3.5 34.04593432136623 247.5 3.75 2.8510704040527344 123.28199768066406
9509 6102 999999.0 999999.0 999999.0 999999.0 999999.0 999999.0 66.81919860839844
9507 9101 186.0 2.5 18.550619619610103 293.0 1.25 15.994066716206252 105.11199951171875
8158 3702 999999.0 999999.0 999999.0 999999.0 999999.0 999999.0 162.4929962158203
9002 12703 41.0 0.75 -258.81446841840636 114.0 4.5 0.0 107.4749984741211
9045 6103 359.0 4.749999999999998 -5.574127197265625 72.0 10.75 15.166859683196677 80.1249008178711
9888 3703 120.0 17.75 2.807708455579828 347.5 23.750000000000004 20.948104469912487 3.336980104446411
9042 12705 999999.0 999999.0 999999.0 999999.0 999999.0 999999.0 51.00120162963867
9888 6101 999999.0 999999.0 999999.0 999999.0 999999.0 999999.0 56.21369934082031
9888 1902 332.5 3.0 4.910887714690816 345.0 10.25 10.532323102386204 144.17799377441406
9050 3701 280.5 0.5 4.311985149876026 240.5 3.5 4.017284674841044 64.9126968383789
9048 6101 59.5 4.75 -2.82933593197442 30.5 89.75 -3.4404514972526297 62.90999984741211
8326 9101 212.5 19.75 -28.80423542041563 37.0 89.75 -0.8071847423544201 94.7572021484375
9868 3704 221.0 1.75 34.134692053969545 107.0 89.75 3.634396885838867 121.41500091552734
8552 1902 37.0 6.0 -6.778881072998047 46.5 7.25 -3.8481340775082487 33.85260009765625
8552 9102 64.5 5.5 14.3482615373767 99.5 10.75 10.18603028965562 134.07000732421875
7443 6104 106.5 3.75 0.8653981614927524 286.5 2.5 -6.951428247558795 113.23400115966797
8131 12705 999999.0 999999.0 999999.0 999999.0 999999.0 999999.0 93.07080078125
8135 6104 109.0 4.75 16.495269390533707 113.0 4.0 13.860213144939863 115.42900085449219
8566 6101 56.0 8.0 11.833793640136719 352.0 6.25 0.0 31.52899932861328
8131 1901 999999.0 999999.0 999999.0 999999.0 999999.0 999999.0 139.98500061035156
8566 3702 232.5 25.0 5.077238410406051 206.5 12.0 4.52512929526991 157.34300231933594
8134 3704 6.0 10.500000000000002 22.88539797891132 353.0 18.250000000000007 2.190883011842187 168.34100341796875
8134 6101 147.5 18.0 -5.869393040042425 123.5 21.75 -8.500726886673863 118.39900207519531
8720 3703 148.5 3.5 30.42269492107681 174.5 13.000000000000007 9.124046261793282 152.79600524902344
9002 3701 350.0 10.0 -8.963955188316351 329.5 4.0 8.247222404452721 151.88299560546875
9002 9101 999999.0 999999.0 999999.0 999999.0 999999.0 999999.0 72.77880096435547
9891 3704 253.5 4.5 38.8074801242229 36.5 2.25 36.98556138095846 30.84670066833496
9891 3703 999999.0 999999.0 999999.0 999999.0 999999.0 999999.0 9.251680374145508
9043 3702 321.5 2.75 20.775114895759685 170.5 11.75 -2.087393923200821 72.93009948730469
9043 12702 275.0 14.0 5.607468391768831 29.0 9.75 14.192203435766462 14.609999656677246
8132 1901 193.0 3.25 43.017488938201325 193.0 4.0 12.692192809412006 139.32899475097656
8133 12704 42.0 1.0 -40.1029967761492 103.5 2.25 -33.551219635342875 91.69419860839844
8715 3701 114.5 3.5 48.42768126483239 40.5 5.25 47.99499211772775 15.375
8715 12703 999999.0 999999.0 999999.0 999999.0 999999.0 999999.0 94.0780029296875
8715 3703 241.5 5.5 8.060475170395648 83.0 5.25 -3.8729607038780927 83.24620056152344
8716 9101 51.5 2.0 68.18288232604016 338.0 1.75 65.29490770741984 145.46800231933594
8711 1901 359.5 31.250000000000004 3.4682532652704965 251.5 89.75 6.651430791737498 105.9209976196289
8711 3703 254.5 89.75 -1.1955802353098794 203.0 44.75 1.2098314180261367 39.10639953613281
8716 6104 999999.0 999999.0 999999.0 999999.0 999999.0 999999.0 15.799200057983398
8712 9102 999999.0 999999.0 999999.0 999999.0 999999.0 999999.0 149.92799377441406
8712 3704 47.5 8.25 3.495511326788474 55.0 4.5 5.42987060546875 53.9630012512207
8712 1901 113.0 2.75 11.658623329007138 117.0 3.25 16.863968325865844 96.95480346679688
9491 6102 245.5 7.5 -2.8049191242349423 65.0 23.0 1.491393723154426 70.19129943847656
9491 3704 34.5 2.0 -25.90937901411357 12.5 1.75 -5.015482738703355 8.228150367736816
9490 3703 999999.0 999999.0 999999.0 999999.0 999999.0 999999.0 121.76599884033203
9490 1901 280.0 1.0 9.744752170874964 280.0 6.25 -1.3392753099541608 101.63800048828125
9488 3702 4.0 3.75 -4.404949450663452 7.0 4.5 3.496397666350326 6.031630039215088
8939 6104 999999.0 999999.0 999999.0 999999.0 999999.0 999999.0 90.06890106201172
9507 3701 48.0 4.0 12.762845985830147 54.5 2.5 9.635423981477118 49.28779983520508
9502 1902 999999.0 999999.0 999999.0 999999.0 999999.0 999999.0 29.94930076599121
9502 3704 248.0 12.5 0.5098505604448693 250.0 11.75 -3.950260055839429 56.73820114135742
9500 3704 315.5 7.25 -8.191213839903792 69.0 2.25 3.9542395559626797 68.86489868164062
8150 1901 352.0 0.5 -7.112448197038617 185.5 55.49999999999999 0.896800383213952 164.8820037841797
8568 3701 224.5 29.0 8.147032595010824 222.5 4.5 11.095861019337452 39.37670135498047
8568 12701 326.0 24.0 -10.997816315026881 301.0 12.75 -2.836594486632806 120.83200073242188
8943 3703 161.0 9.0 5.1130942562266455 164.0 3.25 0.0 163.5679931640625
8943 9102 273.5 10.5 21.949613550122194 278.0 3.0 20.40972924557292 99.8134994506836
8445 12702 225.5 2.5 14.821682758752711 229.5 1.25 16.936336517333984 50.91239929199219
8445 3702 154.5 4.0 16.63290058613856 173.0 5.25 9.887367005486581 159.80999755859375
8330 12705 342.0 18.25 18.334047201215306 219.0 28.0 14.076479670543419 131.24400329589844
8330 1901 354.0 7.0 0.0 47.0 5.0 9.368046709978024 45.449100494384766
8935 12701 999999.0 999999.0 999999.0 999999.0 999999.0 999999.0 120.30599975585938
8323 9101 999999.0 999999.0 999999.0 999999.0 999999.0 999999.0 172.80799865722656
8323 6103 303.5 3.0 -48.90127627991595 120.0 3.0 -26.03166766647618 122.82099914550781
8445 6102 999999.0 999999.0 999999.0 999999.0 999999.0 999999.0 20.985000610351562
9494 1902 36.0 14.25 3.0015509913672465 29.5 8.5 1.7984950907196904 23.86359977722168
9505 3701 170.5 89.75 -4.080417366272642 223.0 27.75 -5.571050918288869 38.256099700927734
8554 6102 999999.0 999999.0 999999.0 999999.0 999999.0 999999.0 50.109798431396484
8442 6104 999999.0 999999.0 999999.0 999999.0 999999.0 999999.0 12.353400230407715
8446 1902 251.0 3.5 12.100337108997909 62.5 5.25 10.898732792658302 53.616798400878906
8554 1902 132.5 6.5 8.671144676782482 110.5 5.5 6.687689582750108 117.27999877929688
8554 1901 62.5 17.75 -9.372121064536335 222.0 6.5 6.970110790363041 37.60580062866211
8554 9102 158.5 71.75 0.0 111.5 42.5 3.685939189950137 172.7469940185547
8985 1902 331.0 7.75 6.12266176206937 322.5 5.0 10.311884970985254 144.50900268554688
9863 3701 999999.0 999999.0 999999.0 999999.0 999999.0 999999.0 170.31500244140625
8950 3701 999999.0 999999.0 999999.0 999999.0 999999.0 999999.0 172.87100219726562
8933 9102 999999.0 999999.0 999999.0 999999.0 999999.0 999999.0 96.59709930419922
8933 6101 999999.0 999999.0 999999.0 999999.0 999999.0 999999.0 62.85449981689453
8932 12703 63.0 3.0 6.903812486409855 57.0 4.75 13.876642491185564 59.1786994934082
9876 1902 215.5 17.75 -7.486687207520009 216.5 15.0 10.120827370855276 33.192501068115234
8949 6101 999999.0 999999.0 999999.0 999999.0 999999.0 999999.0 161.4739990234375
8931 3704 999999.0 999999.0 999999.0 999999.0 999999.0 999999.0 40.11520004272461
8949 6104 999999.0 999999.0 999999.0 999999.0 999999.0 999999.0 37.6952018737793
9876 1901 999999.0 999999.0 999999.0 999999.0 999999.0 999999.0 107.66400146484375
8949 12704 999999.0 999999.0 999999.0 999999.0 999999.0 999999.0 163.27499389648438
8934 1901 999999.0 999999.0 999999.0 999999.0 999999.0 999999.0 109.14299774169922
9863 1902 999999.0 999999.0 999999.0 999999.0 999999.0 999999.0 130.5
9863 6104 999999.0 999999.0 999999.0 999999.0 999999.0 999999.0 47.52980041503906
8935 1901 999999.0 999999.0 999999.0 999999.0 999999.0 999999.0 83.59089660644531
8933 12703 999999.0 999999.0 999999.0 999999.0 999999.0 999999.0 123.73500061035156
8935 1902 999999.0 999999.0 999999.0 999999.0 999999.0 999999.0 174.3209991455078
8983 1901 284.5 89.75 13.160724351229305 71.5 89.75 6.754036920620645 76.37129974365234
8982 3704 170.5 3.5 29.706802094514394 170.0 10.0 17.612164667816167 119.7509994506836
8952 9101 205.5 2.0 6.25941608876483 203.5 3.25 7.782696767182184 22.677400588989258
9881 6104 221.5 2.0 44.70049181566995 234.0 3.0 12.312318196631509 86.57060241699219
9881 1901 114.5 7.25 -2.2720330470465377 110.5 7.25 -1.854762657684077 112.66000366210938
7495 3704 191.0 8.0 22.99030409131739 186.5 3.75 25.742489451970123 71.0186996459961
8241 6104 333.5 0.5 4.247616494295226 272.5 12.0 11.089572775760166 80.7833023071289
8448 12701 999999.0 999999.0 999999.0 999999.0 999999.0 999999.0 107.54100036621094
8448 1902 999999.0 999999.0 999999.0 999999.0 999999.0 999999.0 111.75900268554688
8449 1902 118.5 11.5 7.000140488524721 108.0 42.0 7.391690286066526 114.61100006103516
8449 3702 999999.0 999999.0 999999.0 999999.0 999999.0 999999.0 79.80059814453125
8450 6104 92.5 4.25 13.2010876927039 101.0 4.25 7.142520587713173 117.94100189208984
8311 6103 168.5 4.25 44.31737941595994 169.0 5.25 9.649605823062863 164.2480010986328
8311 1901 210.5 8.5 20.58571405483513 24.0 5.0 11.05569218914016 26.225000381469727
9881 9101 242.0 2.75 7.521684274238794 252.0 3.75 9.750308428498624 95.12560272216797
9881 1902 330.0 31.0 5.964174376659919 88.0 16.25 9.242400320560346 101.85600280761719
8320 1901 219.5 3.25 19.58950944560332 338.0 18.75 11.34404380649993 149.6699981689453
8483 3703 289.0 2.75 -3.4160636415427277 263.0 3.25 5.522435273137432 89.80480194091797
8483 12703 292.0 4.5 0.0 250.5 9.0 -14.856639862060547 151.1269989013672
8458 6104 261.0 11.5 2.243813004662897 245.0 13.75 1.0269801102109337 66.14649963378906
7958 9102 75.5 7.0 6.83861963333181 16.5 6.5 6.830748510491777 21.632200241088867
7958 3704 124.5 38.0 -2.0924845682344815 334.5 18.0 0.006669242751055293 149.5330047607422
9185 9102 199.5 2.25 -0.5776842568164966 197.0 3.25 -9.09118405375002 16.588199615478516
9194 6102 188.0 6.25 5.30843424629 351.0 8.250000000000004 9.565875705782553 159.3179931640625
8132 6103 999999.0 999999.0 999999.0 999999.0 999999.0 999999.0 174.10499572753906
8131 12702 272.0 10.0 53.17847259299229 77.0 3.5 0.0 41.279998779296875
8153 6103 999999.0 999999.0 999999.0 999999.0 999999.0 999999.0 101.90599822998047
9181 3704 127.5 6.75 0.0 65.5 34.75 -1.962158809576561 121.63899993896484
8717 6104 999999.0 999999.0 999999.0 999999.0 999999.0 999999.0 101.10600280761719
7975 3704 301.0 2.25 10.90762415183525 345.5 56.25 0.6147191908680529 126.24099731445312
8937 12702 999999.0 999999.0 999999.0 999999.0 999999.0 999999.0 19.413400650024414
8939 9101 320.5 1.5 3.9322912504949414 357.0 3.75 0.0 20.538700103759766
9488 6104 999999.0 999999.0 999999.0 999999.0 999999.0 999999.0 154.35699462890625
8461 12701 149.0 8.75 -19.630494117736816 97.5 5.75 0.0 118.20899963378906
8330 6103 3.0 3.5 0.0 7.0 3.75 -5.030971726912348 158.73699951171875
9039 12701 999999.0 999999.0 999999.0 999999.0 999999.0 999999.0 91.43779754638672
9025 6101 165.5 3.5 42.73211694722747 146.5 4.75 33.9661157118404 141.01800537109375
8612 6102 5.0 3.75 -9.479875036976459 350.0 39.0 3.6936376521463252 163.06900024414062
8133 6103 183.0 3.750000000000005 4.266856034134506 101.5 36.5 0.5280637815571931 85.96900177001953
9881 3704 169.5 9.500000000000004 1.5740523209525747 89.0 3.0 -2.796810399156989 79.20929718017578
8983 12704 999999.0 999999.0 999999.0 999999.0 999999.0 999999.0 155.0919952392578
8600 9101 999999.0 999999.0 999999.0 999999.0 999999.0 999999.0 95.44059753417969
9029 9101 235.5 2.0 -10.028236436167589 235.5 5.5 -0.5351581759617154 56.75450134277344
8329 9101 322.5 3.5 0.0 326.5 6.75 -12.464575122289947 113.16400146484375
8322 3702 2.0 15.000000000000007 12.212311475153871 91.0 3.25 8.50921046309184 99.2437973022461
8331 3701 325.5 5.25 1.8263498583864468 304.5 10.25 3.568243039603324 119.2030029296875
8466 3701 308.0 4.5 7.747635318299672 229.5 7.75 9.73737289015957 40.387699127197266
8990 12702 190.0 0.5 45.73090267613747 190.5 8.25 16.623652172163077 165.67999267578125
8999 3702 262.0 18.5 17.632903462444517 27.0 89.75 -1.8846666575629882 71.53880310058594
8595 12704 163.0 12.0 0.0 120.5 9.0 -2.7202755642591594 14.89490032196045
