Plate IFU PA_Ha PA_Ha_Error Ha_Vsyst PA_Stellar PA_Stellar_Error Stellar_Vsyst PA_drpall
9042 3704 314.0 0.5 38.92760754169568 149.5 3.0 1.4008447395540387 146.48500061035156
8439 6104 288.5 0.5 18.876016059837724 6.5 2.5 17.922452720479207 52.16299819946289
9502 9101 40.0 0.5 31.66974496080846 256.0 0.5 -24.383936564127602 92.68689727783203
8943 12705 175.0 0.5 -134.39341721895204 0.0 89.75 0.0 21.239700317382812
8274 12705 124.0 0.5 84.37484214374557 181.5 0.5 105.1670912376236 156.19000244140625
9043 12703 179.5 0.5 -55.18453868446626 152.5 1.75 -35.866251399872 87.11009979248047
8727 3703 123.5 0.5 -183.67643788576243 117.0 0.5 -191.96178716467165 132.8699951171875
8612 1901 45.5 1.5 -262.3911594259331 35.0 0.5 -319.5341935407105 146.5659942626953
9044 6104 187.0 0.5 1.9305154832358369 113.5 1.25 22.70050241721606 59.15879821777344
8482 1901 35.5 22.750000000000004 -5.099477796425546 271.0 31.75 14.390541972015594 118.46499633789062
8443 6101 212.5 2.25 56.08605431689337 65.0 4.25 27.822759386695516 60.93989944458008
8454 12705 24.0 12.25 -32.6070328421676 172.0 18.75 -43.291853313514025 88.74739837646484
8256 12705 111.5 0.5 89.95001135503867 332.5 3.5 102.85490914067456 156.19000244140625
8948 1901 184.5 4.25 103.14712706593247 20.0 3.0 58.554952209173855 20.30109977722168
8158 3701 293.5 0.5 40.01333828480237 288.0 1.5 32.60757321696077 109.99199676513672
7992 12702 281.5 0.5 11.129869893643303 46.0 2.5 -0.7135613646914685 19.058700561523438
7992 3701 119.5 0.75 -14.26182559526016 332.5 4.25 4.935717687297551 157.322998046875
7992 12705 159.0 0.5 7.347187616119115 227.0 0.5 28.29634141921997 18.096599578857422
8611 1902 224.5 3.0 11.89776806289072 227.0 3.25 11.45516539917599 46.183101654052734
7991 3704 161.0 1.25 19.188672143108906 162.0 2.5 17.09808623105703 162.41299438476562
7990 3701 287.5 0.5 22.962718461347777 277.5 6.25 19.09201117645672 91.21389770507812
8625 6103 203.0 0.75 62.38528619522077 55.5 16.25 17.443050102248936 177.5330047607422
8626 12701 2.0 0.5 56.56672946716985 225.0 2.75 75.46760463714598 107.89700317382812
7990 12705 100.0 0.5 -2.9818747913983916 1.0 3.9999999999999964 -6.9702208116961515 108.99299621582031
9196 1901 296.0 9.0 31.314305543728253 109.5 3.0 11.390663032704722 109.4729995727539
8611 6101 181.0 1.75 -5.236570250669409 57.0 4.0 13.58556405420497 56.950599670410156
9196 12702 219.0 0.5 6.957836310279176 357.0 0.5 -21.141972860769783 2.0418100357055664
8655 9101 351.0 0.5 109.10566329956055 102.0 65.0 8.090014934539795 45.60940170288086
8153 9101 61.5 0.5 -12.227438276462465 79.5 3.0 9.731138229370117 86.0457992553711
8153 6104 56.0 0.5 -74.82237349192566 38.5 4.0 6.567122731959426 56.29750061035156
8077 3701 259.0 1.25 10.032002922844228 262.5 2.25 6.495532427980855 64.6239013671875
8153 12703 217.0 0.5 0.8504612802686697 312.5 0.5 0.0 154.03399658203125
8077 1901 334.5 0.5 27.466060493822397 223.5 41.25 13.364566314961047 71.80860137939453
8077 6101 91.0 0.5 19.012494764200007 139.5 28.25 1.1120163088399773 60.27510070800781
8077 1902 78.0 0.5 5.174638011223842 310.5 3.0 14.796984569067767 129.24200439453125
8154 6103 111.5 0.75 20.967516790089448 131.0 9.5 8.5600391206192 119.83799743652344
8154 3704 284.5 1.0 -19.81030808675864 280.0 2.0 -8.112409089915083 100.86499786376953
8081 12701 95.5 0.5 -1.1161251201023674 63.0 1.0 -18.462582111358643 53.2317008972168
9194 3704 157.5 0.5 20.340205911646134 108.0 17.75 3.5217998145066707 67.96399688720703
9194 1902 189.0 0.5 26.980664112966025 36.5 7.25 -2.1616479989467265 34.707000732421875
9193 1902 252.5 0.5 27.971669266598838 239.5 3.5 26.485570932932156 57.36109924316406
8082 1901 310.5 2.5 9.938347877000083 191.5 89.75 4.750843137512151 163.0229949951172
8081 3702 226.0 1.75 9.684338903261224 183.5 16.25 8.768685460090637 176.6439971923828
8083 3701 201.0 4.75 2.3806401126553975 195.0 45.0 5.560083468755087 122.0999984741211
8083 1902 310.0 0.5 1.1770336958359593 295.0 15.0 14.069067903040093 102.89399719238281
8084 6104 189.0 0.5 26.22113748204788 199.0 2.75 18.07658576372677 14.451800346374512
8155 1901 357.0 0.5 39.95235951654646 278.5 11.75 0.6367670997309531 85.95120239257812
8084 1902 217.0 13.0 10.259916259812357 317.0 11.75 0.0 137.25999450683594
8135 6102 273.5 6.0 -9.42356930801919 228.0 2.75 0.49084498672125676 33.42729949951172
8137 1902 12.5 1.5 0.0 181.5 5.2500000000000036 11.316359248939605 177.11900329589844
8137 6103 321.5 0.5 -0.8826562320681717 182.5 3.5 24.31860154820226 3.764470100402832
8137 3701 18.0 2.75 11.005886803025453 359.0 2.4999999999999964 13.195866400248217 178.21400451660156
8140 3702 305.5 4.75 10.362352294407636 122.0 5.0 13.278497390952076 108.31999969482422
8713 3703 229.5 0.75 -10.38197746549908 49.5 74.5 -3.9677938557031354 101.6969985961914
8143 1902 79.0 10.75 22.160256719502442 57.0 7.5 11.080240947868575 52.857200622558594
8141 3704 232.0 0.5 12.459018713542036 224.0 4.25 10.029001594181835 49.65549850463867
8143 6103 290.0 0.5 -7.199977539332977 314.0 2.0 1.622667217783004 108.83100128173828
8143 3703 329.0 0.5 5.444826436305033 128.0 6.0 -1.6192425094507072 133.46800231933594
8143 6104 29.5 2.5 7.721182788297682 25.0 4.75 -2.6250039441209214 20.395599365234375
8243 3701 50.5 0.75 -42.34406402589565 194.0 4.0 14.646390279134117 17.962499618530273
10001 6103 282.5 1.5 20.21592428336956 249.5 3.75 14.302675247192383 32.074501037597656
8721 1901 356.0 0.5 58.56691208805431 106.5 8.5 20.711575580126713 127.27899932861328
8728 3701 154.0 2.25 -5.767729301966334 174.5 3.75 15.473168154162579 5.265379905700684
8158 12704 143.5 0.5 -156.167610661723 168.5 4.0 -7.384773685370046 13.01259994506836
8158 12703 265.0 0.5 76.18929606366748 299.5 2.25 24.270614173342356 109.9530029296875
9512 3702 132.0 3.0 23.258275198117246 127.0 2.25 10.997334524269363 129.39500427246094
9512 3701 335.5 0.5 -6.790612730810629 247.0 89.75 4.382828900227512 28.389400482177734
9512 1901 44.0 0.5 -38.680510268007474 300.5 4.5 -1.660651959756465 120.6050033569336
9512 6102 174.5 1.75 4.026901466405921 173.5 2.5 11.128104171829108 133.7550048828125
9512 12703 199.0 0.5 69.82969576600993 282.5 79.5 22.143169194678244 17.2007999420166
9512 12702 231.0 0.5 73.03186853587682 290.0 4.0 0.5657035537144028 35.74359893798828
10001 9102 151.0 0.5 0.0 123.5 1.5 -15.31109619140625 115.74500274658203
9181 12701 15.0 0.5 75.13602213513767 41.5 0.5 8.53934918468569 86.49829864501953
9181 12704 15.5 0.5 33.115734445628725 285.0 9.25 4.11909549181005 5.4864301681518555
9183 6104 144.0 0.5 -24.387673435801247 113.0 2.75 -11.41897126156612 117.12999725341797
9182 3703 178.0 1.25 0.0 169.5 3.25 -3.0771857887077942 169.4810028076172
8725 1902 178.0 3.0 -93.0036037318614 23.5 40.50000000000001 4.8227104512333225 64.31649780273438
8725 6101 352.5 0.5 0.0 350.5 4.5 12.44684865527745 169.25
8725 3704 182.0 0.5 4.376471832461201 242.0 8.75 0.6954601342466802 6.230820178985596
8725 12703 288.5 0.5 46.570132407008415 295.0 34.25 -1.016514152288437 135.79600524902344
8548 3701 255.0 1.5 30.130371692524776 249.5 4.25 12.872974395751953 78.1886978149414
8482 12704 149.0 0.5 84.16517870315639 231.0 4.25 45.65454492347543 87.28949737548828
8548 12705 165.5 0.5 5.111682002177361 163.5 4.75 8.25390911102295 143.64700317382812
8483 9101 131.0 0.75 16.244680525514482 273.5 1.75 13.808793544769287 86.94419860839844
9026 12701 16.5 0.5 30.697446794401365 9.0 1.25 22.347095612000757 8.462220191955566
8555 6104 333.5 0.5 1.24667121668233 75.0 8.0 7.149487066854803 36.124900817871094
8612 6101 167.0 0.5 30.04061807164254 163.0 1.25 29.78421940236941 163.59100341796875
8078 1902 257.0 1.0 20.230695634120075 255.0 8.75 9.39623957218366 106.45999908447266
8156 9101 189.0 0.5 -12.404368626973778 322.5 34.25 5.268556863069534 111.61299896240234
8618 6102 16.0 2.25 3.500033912419708 252.5 4.0 1.669337596191852 66.73030090332031
8618 12705 189.5 0.5 73.85311146975131 351.5 28.250000000000007 18.5054933994159 149.7469940185547
8618 6104 319.0 0.5 29.896133009154333 316.5 1.75 6.101350784301758 132.1179962158203
7815 6102 79.5 0.5 -14.012947038941878 136.0 2.75 28.765874922119956 175.1790008544922
7977 12702 358.0 0.5 0.0 16.5 2.0 0.9633095065904058 9.928770065307617
7977 3701 241.5 1.5 -11.596203566729613 59.0 6.25 -6.8513552753815645 59.060001373291016
8977 3701 291.0 0.5 -7.1127577150335455 7.0 4.25 -0.12467193603515625 157.36900329589844
8717 6101 18.0 0.5 0.0 342.5 3.25 -7.30515691789531 162.44900512695312
8717 12702 69.0 0.5 35.68926543761056 160.0 1.75 6.493970811367035 43.641300201416016
9486 6103 84.0 0.5 0.0 69.0 1.0 2.988339590270538 84.22889709472656
8549 9101 106.0 0.5 32.21911391382068 66.0 8.75 -2.7304189403829326 176.7830047607422
8549 3704 142.5 0.5 39.99303363818487 143.0 2.0 34.22307043235233 141.22000122070312
9029 9102 5.5 0.5 58.43115625447267 73.5 38.25 3.463623987331955 130.19400024414062
8555 9101 43.5 0.5 58.048543253886606 279.0 4.5 27.005026763355396 79.91549682617188
8555 3701 185.5 1.25 8.642559054918507 213.0 2.0 -19.547971938239854 15.10990047454834
8555 3702 203.0 0.5 37.40015521545598 101.0 3.75 -0.12829208374023438 0.7929990291595459
8978 3704 155.0 0.5 -21.792109675639374 116.5 4.25 -15.923245615404525 126.90699768066406
9869 3701 325.5 0.5 18.524114302181964 236.0 6.0 11.352640509605408 46.503700256347656
8613 3702 326.0 0.5 23.770706404645214 328.5 14.75 20.35132610042272 135.48300170898438
8606 3704 50.0 4.5 4.59082418680191 75.5 18.0 4.994365824872748 79.45390319824219
8247 3704 88.5 5.75 3.1140407292358256 136.0 3.0 9.17881952253451 136.947998046875
8247 3703 9.5 3.25 13.628774970188054 8.5 2.75 15.958439366261572 6.033390045166016
8250 9102 66.0 0.5 7.87544252188701 49.5 2.75 -20.93777609512122 53.168399810791016
8149 1901 295.5 8.75 12.967782171327627 302.0 23.0 9.203531205358217 123.79399871826172
8149 3702 13.5 1.0 12.805337885738524 31.0 5.0 1.7164761599118847 28.23579978942871
8938 1902 202.0 1.0 -11.40906925702713 306.5 3.75 0.0 130.43299865722656
8938 9102 300.0 5.25 49.888428601901836 330.5 1.25 33.314798136677496 153.21099853515625
8948 3702 204.5 3.75 9.127227769869833 206.5 5.25 8.812612551339154 3.289180040359497
8999 3703 132.5 0.75 -49.882668643830755 323.5 23.25 11.698412181350193 141.51499938964844
8997 1902 356.5 0.5 8.686058818522973 347.5 3.0 17.798722094534412 164.0850067138672
8992 3701 221.5 0.75 16.16049522045567 267.5 2.5 3.2828576139406933 76.12470245361328
8992 6102 280.0 1.5 23.257307293854268 313.0 1.5 5.630460537990572 133.13099670410156
8992 12705 176.0 0.5 -125.00807643696236 159.5 2.25 1.9839926761115123 159.17300415039062
8997 3703 303.5 9.0 -2.167708545866814 310.5 4.5 -14.033204239275435 153.8509979248047
8992 3704 179.0 2.750000000000006 13.505755672792809 356.5 6.2500000000000036 3.484043749134536 169.71499633789062
8991 1902 81.0 0.5 -21.344659580386253 344.5 3.25 6.842536515493919 158.57699584960938
8936 3704 46.0 0.5 0.0 309.5 61.25000000000001 11.290044624422665 74.34290313720703
9184 3701 14.5 1.25 12.62610845673835 194.5 2.25 14.138446807861328 12.83810043334961
9184 1902 318.5 0.5 234.05574747299474 251.0 0.5 25.77937746724463 140.8820037841797
8249 6103 359.0 1.2500000000000078 17.24908272585804 14.0 21.500000000000007 11.870053918729297 62.503700256347656
8941 9101 336.5 0.5 -4.199703751187492 303.0 9.75 -8.934535406907159 113.36699676513672
8940 3702 327.5 0.5 -24.40156038984469 61.5 5.25 12.416391430416457 60.59619903564453
8461 1902 173.0 2.75 13.296264474541573 110.0 4.25 14.793362105577007 85.4447021484375
8461 6104 287.0 0.5 18.560097244511525 198.5 4.75 9.276408328267411 6.103030204772949
8456 1902 221.0 16.5 19.02436942816408 120.5 4.25 19.15360589212873 118.56800079345703
8456 6103 348.0 0.5 0.0 107.5 6.0 32.98625341212067 107.82499694824219
8454 9101 245.0 0.5 2.3007849379232255 248.5 0.75 -3.8183975219726562 69.69560241699219
8453 3703 244.0 7.25 10.272979482804143 197.5 9.75 -2.2687488510982643 149.0070037841797
8993 3703 227.5 1.25 20.773660134346756 225.5 2.0 20.966573000402356 63.90879821777344
8999 9101 12.0 1.0 -6.672546864266916 7.0 4.0 2.667052608387433 3.3805201053619385
8946 1901 215.0 1.5 11.507945067079532 279.0 3.5 12.548582965811924 103.58300018310547
8613 3701 123.0 4.25 19.66116518311577 195.5 7.0 2.885476918276254 156.9810028076172
8613 6102 121.0 0.5 -10.90075247667501 49.5 5.75 -15.296842203322143 56.76620101928711
9185 1901 283.0 1.0 12.067527738823795 59.5 89.75 -8.769406905030266 151.7209930419922
7958 3703 278.5 1.25 6.401543453001693 280.5 2.25 6.651469899995135 106.53600311279297
7960 1902 260.0 0.5 161.6525787313562 142.5 6.25 22.55328915258274 169.0959930419922
7960 3701 179.0 0.5 10.865673635838597 140.0 2.5 4.736138550401606 136.1060028076172
7960 6104 77.5 0.5 9.954386125037672 251.5 4.5 9.000727719962171 171.45799255371094
7962 3704 241.0 0.5 19.105370871050013 10.5 4.0 15.749972120958375 9.578949928283691
7962 1902 11.5 0.5 -49.176842577149245 125.0 6.25 8.505533352971174 126.07099914550781
9085 3701 276.0 2.5 7.901298081561173 252.5 3.25 16.36321400881733 74.95890045166016
9085 6104 303.0 0.75 0.0 343.5 3.25 -4.2904815673828125 160.93699645996094
7962 9102 271.0 0.5 67.58737783392533 218.5 5.25 37.93179144991431 76.38870239257812
8623 3702 73.0 4.25 0.0 229.5 4.5 5.458068282010068 50.74259948730469
8623 6102 78.5 0.5 13.521495202235574 331.5 9.25 10.621741772990895 131.2239990234375
7964 3702 123.0 0.5 61.4496387790249 246.0 2.0 7.24349226869689 80.404296875
7964 1902 288.0 34.0 -3.478021702909575 31.5 89.75 4.119622113236794 141.36000061035156
7968 9102 197.0 0.5 29.993463068368634 247.5 8.5 9.487339246676232 84.8281021118164
8616 6101 156.0 1.25 26.21213333068205 170.0 1.5 13.783539742092842 165.86199951171875
8616 1902 175.0 3.75 9.421363431071466 139.5 2.75 5.660330678207643 135.8820037841797
8616 12701 148.0 0.5 26.646432250044604 358.0 0.5 9.872755554940747 155.07000732421875
7968 3703 242.5 0.5 19.787400490065693 255.5 1.75 31.168999204197274 75.50199890136719
9000 12701 243.0 0.5 25.164884816656787 205.0 0.5 -0.0915563204391816 13.809499740600586
9000 3702 140.5 0.5 8.446268832738 151.0 11.5 12.70261831696984 160.4340057373047
9000 6104 341.5 0.5 -120.72883363315574 47.0 4.75 -4.887738175873586 24.553600311279297
8995 3703 221.5 0.5 0.0 356.0 1.5 -15.818424940109253 161.61500549316406
8995 12703 190.0 0.5 127.0988743614997 226.5 6.5 43.47018313407898 137.19700622558594
8309 6102 130.0 0.5 -90.12720349589944 31.0 4.25 2.3107390130088206 178.76800537109375
8309 12704 223.0 0.5 65.76117273038841 321.5 3.25 22.10668650921514 163.20700073242188
9864 3702 191.5 0.5 27.104174058640798 267.0 7.0 17.714947735461344 74.21109771728516
9864 1902 241.5 1.0 25.70645164955462 107.5 11.0 13.019789531793228 125.48999786376953
8591 1902 65.0 0.5 -3.8363607630864465 335.0 3.5 9.943266529224047 148.31300354003906
9864 12705 327.5 0.5 0.0684789635565135 348.5 1.5 -10.244678497314453 167.39999389648438
9865 9101 261.0 0.5 41.9888237530668 226.5 7.5 19.109350204467773 159.0970001220703
8597 3704 129.5 1.25 87.06819204084735 238.0 10.0 12.59398145100457 46.858001708984375
8597 3703 216.0 2.0 12.873012162383805 223.5 2.0 -0.40931572563775376 38.89630126953125
9034 6103 247.0 7.5 20.999762721650598 235.5 1.75 13.474477214192348 57.30839920043945
9870 1902 28.5 0.75 -13.250293951794045 255.0 7.75 4.755064347398829 67.31529998779297
9037 1901 359.0 0.5 2.5667111808815335 25.0 20.25 5.834178608778082 96.06449890136719
8146 3701 59.5 0.5 18.364285860875555 51.5 3.0 16.628721750659338 45.605499267578125
8938 1901 217.5 0.5 -3.0572969582951046 12.0 3.5 0.9390648231494723 8.881199836730957
9184 9101 243.0 0.5 135.71750404479974 277.5 2.75 65.00725746154785 171.21099853515625
8592 1901 358.0 0.5 0.0 34.0 3.25 4.344403526578773 30.528900146484375
8592 12703 40.0 0.5 0.0 1.5 17.999999999999996 -6.41950813488835 152.45899963378906
8486 3702 81.0 1.25 0.0 134.0 7.0 -1.7983627472200325 129.41600036621094
9031 3704 169.5 0.5 21.27401069443033 235.5 4.0 20.073590561144385 65.68479919433594
9036 3703 167.0 0.5 24.49930923571432 238.0 2.5 30.867002888006326 65.68479919433594
8550 1902 213.0 0.5 -5.478066437514144 161.0 3.75 6.2704193177359215 158.47000122070312
8312 9102 113.5 0.5 18.783965901125445 5.5 4.25 17.32750845974727 175.50599670410156
8604 6104 243.5 0.5 16.141155047317184 268.0 7.75 16.73133135011664 87.0238037109375
8312 1901 10.0 1.25 5.212420273875976 304.5 6.75 1.224081039428711 124.0469970703125
8604 6102 10.5 0.5 6.951311146651449 173.0 12.500000000000007 11.351916410859541 73.56780242919922
9883 6101 326.5 0.5 -65.78093489277558 44.0 4.5 42.737229717342785 34.098899841308594
8440 3701 310.0 1.5 -6.473365015287413 316.5 4.5 5.451797719497936 135.41299438476562
8440 9101 359.0 0.5 20.16359378815207 339.0 2.0 -25.669102668762207 173.53900146484375
8440 12702 88.0 0.5 -107.20607634789872 242.0 25.25 -10.815728236701105 64.50050354003906
8247 6101 10.5 1.25 -8.619672524870763 25.5 14.75 0.39839449656019665 52.95610046386719
8247 9102 319.0 1.0 139.61126708984375 356.5 4.5 -11.656295537948608 129.4199981689453
8247 6103 73.5 1.0 32.980752115712534 241.5 1.5 -0.03942292779035128 59.39910125732422
8250 1902 190.0 2.5 -3.5810289615516737 103.0 2.75 20.3890895273817 107.85399627685547
8458 9101 236.0 0.5 123.06965030323374 235.5 1.25 29.198034128530672 9.279500007629395
8726 6101 46.5 1.5 -68.54248393645028 112.0 7.5 2.744848392465995 71.84030151367188
8149 12705 225.5 0.5 -32.17570622901295 197.0 2.25 19.6134784894044 103.68599700927734
8942 3701 239.5 0.5 -40.53630344179747 256.5 2.25 7.6151283159846805 78.77069854736328
8941 3704 67.5 0.5 6.491535594471539 84.0 4.25 10.540339090292978 91.28880310058594
9510 6104 102.0 0.5 -51.96596569159388 284.0 4.0 -29.856236696243286 142.93099975585938
9509 3701 41.0 0.5 -13.57879376980516 324.0 15.25 9.604321015907741 149.85299682617188
9509 1902 100.5 3.25 -9.371864696887428 88.0 7.75 -4.449428544305514 113.02899932861328
8942 6101 342.0 0.5 -11.047372401897672 347.0 14.75 -0.35366249084472656 159.87100219726562
9510 3701 89.5 0.75 -9.253680222429878 232.0 5.5 -6.220321195348305 49.87419891357422
8319 3702 82.5 0.5 -0.3939308505146677 155.0 2.75 7.297245932957328 32.7859001159668
8319 6104 268.5 1.0 21.91871311835275 271.0 5.25 5.532851576805115 131.69200134277344
8325 6101 168.0 0.5 35.869581434114195 18.0 8.25 11.331237077713013 41.07740020751953
8325 1901 323.0 0.5 24.114784932930704 170.0 8.250000000000007 14.505606163749619 161.40899658203125
8325 1902 93.5 0.5 13.123408593438569 124.5 5.75 5.57983322949769 124.66000366210938
8329 1902 354.0 0.5 11.578161083594704 171.0 28.250000000000004 14.055794552814445 115.58899688720703
8326 3701 242.0 2.75 30.17588297971298 83.0 4.5 17.94795318352905 93.643798828125
8329 1901 242.0 2.75 32.50687436100385 82.5 5.0 14.854006235953221 93.643798828125
8980 3701 162.5 1.0 11.080020903037685 193.0 23.75 9.836183002025724 28.16830062866211
8980 1902 185.0 12.75 28.397500114667757 182.0 2.0 17.680210917601357 3.204930067062378
8980 12703 9.0 0.5 3.520423252731021 304.0 6.75 -6.9861484951352315 135.39700317382812
9871 9102 244.0 0.5 -80.33048313567859 184.0 2.5 27.3023624420166 9.344189643859863
8591 3702 345.5 0.5 53.40728410002056 174.0 7.500000000000006 6.345732369162413 151.56500244140625
8591 6101 229.5 1.0 105.0264303590494 158.0 2.25 9.176691329936958 146.40499877929688
8591 3701 40.5 0.5 0.0 33.0 5.75 22.59395852634778 21.458599090576172
8547 9101 230.0 0.5 17.649494896714053 348.5 16.0 27.71616668509194 167.11099243164062
8595 1901 334.5 1.5 0.8719588535055944 323.0 11.5 4.4418746713038475 146.48800659179688
8592 3701 33.0 1.75 30.037868453803853 38.0 1.75 36.81498625543436 39.97060012817383
9865 12703 58.5 0.5 21.67049789428711 233.0 18.25 4.2852619886398315 94.36470031738281
8551 3703 251.0 0.5 40.828177430121556 115.0 12.5 25.18188425427692 119.43699645996094
9037 6103 203.5 0.75 16.09776104022584 220.5 4.5 17.11598892060989 51.595401763916016
9037 1902 131.5 8.0 -1.2488869307535546 130.0 9.75 -0.3528298418637368 133.50999450683594
9035 1901 177.5 0.75 0.8328064855095008 332.5 8.25 0.0 153.71499633789062
8551 3704 218.0 0.5 13.522553443845439 218.5 6.5 5.018466971606299 78.15280151367188
9036 1902 162.0 0.5 5.029389141806476 325.0 7.25 0.2223491668701172 145.21400451660156
8335 9101 5.5 0.5 -29.72260199506887 329.5 2.0 47.7148320864527 134.55599975585938
8454 6102 30.0 0.5 -48.583799131752215 108.0 1.5 8.586757500930037 113.62899780273438
8454 1902 33.5 1.0 11.55715764567879 175.0 6.75 1.677485033575243 122.15599822998047
8455 12703 316.0 0.5 0.0 326.5 37.75 25.076065130982688 9.404080390930176
8253 1902 157.0 3.0 -2.4161634992199588 333.5 10.0 7.7838941411470035 159.2740020751953
8258 6102 68.0 1.5 -34.57943657272592 67.0 2.0 -2.67429677629406 68.82929992675781
8257 3701 172.5 1.75 17.887394370010384 179.5 6.750000000000002 17.977315701044848 175.75399780273438
8274 1902 284.0 1.5 1.056852515378182 332.5 26.5 3.8013374925832983 103.06600189208984
8451 1902 85.0 0.5 -6.13379762007747 150.5 7.75 -2.03258579146023 103.06600189208984
8451 6104 241.5 2.0 1.6164271555603804 304.5 12.75 10.07230031490326 177.90199279785156
8466 6102 202.0 0.75 50.02148180454967 357.0 1.75 11.674162712886101 179.71099853515625
8261 9101 129.0 0.5 37.69190826761675 136.5 2.0 38.49425668959255 134.17599487304688
8464 1901 272.0 0.5 32.04042299472138 82.5 15.25 -1.5479377563732653 151.96499633789062
8464 1902 177.5 8.250000000000004 5.392727687018123 160.5 9.75 1.7499309599309925 135.37399291992188
8317 12701 182.5 0.5 -5.023940670254069 123.5 1.75 5.797128677368164 100.49800109863281
8318 12701 339.0 0.5 96.73215673391644 348.0 1.5 -7.652531508166277 159.8489990234375
8447 6102 79.0 0.5 57.621009334785775 104.0 2.0 -57.694332122802734 136.86500549316406
9039 1902 189.0 3.75 15.282790243253316 348.5 2.0 19.470603979384236 165.49099731445312
9041 12705 352.5 0.5 53.958471605617945 353.5 0.5 266.0819320678711 45.239200592041016
9028 3702 206.0 2.0 14.598021994903007 13.0 4.25 17.109912872314453 16.95829963684082
9028 1901 203.0 3.5 20.232709657667243 222.0 9.5 12.76666971181849 41.00510025024414
8568 1902 107.0 0.5 0.04691852953115472 102.0 4.25 0.3374065373227353 99.18669891357422
8568 1901 31.0 2.25 15.229108020492077 323.0 3.75 19.033254897976217 150.72500610351562
8253 1901 167.5 18.25 -3.442743182182312 229.5 36.0 -2.6412908038725984 88.6675033569336
8253 9101 341.5 0.5 38.02222290027939 154.0 2.5 0.0 155.7480010986328
8254 3701 204.0 0.5 39.90047004798672 297.5 7.25 24.094665229933426 130.7480010986328
8254 3703 27.0 0.75 1.8293985481442405 57.5 7.5 -3.114535542141219 66.19190216064453
8466 1901 144.0 13.5 5.524643498973203 236.5 4.25 10.373857033204601 60.27109909057617
8946 3703 158.0 2.25 23.0673917548867 192.5 4.0 9.393120075332105 156.97500610351562
8946 9102 352.0 0.5 -5.715397971626899 358.0 3.500000000000005 19.18294684092204 155.98699951171875
8945 6102 90.5 0.5 30.34323041201256 98.5 1.0 5.881685629910123 100.2239990234375
8259 1901 327.5 4.75 19.81367128494074 47.0 8.75 1.9294560521421644 58.08769989013672
8261 12701 290.0 0.5 -59.26835474141308 209.5 6.0 10.677605330944061 148.02499389648438
8262 6102 207.5 0.5 15.294736858473733 208.0 2.5 10.089174836496099 22.170400619506836
8317 12702 238.0 0.5 27.945615371111145 19.5 2.25 0.0 35.1505012512207
8318 1901 305.0 3.0 42.57973261927412 117.5 3.25 15.565248231817598 117.08599853515625
8465 1902 289.0 22.5 13.40853725871236 247.5 11.0 2.60797047887894 77.9136962890625
9049 1902 262.0 0.5 -22.30419101654659 277.5 5.0 4.721829762055485 128.4550018310547
9047 6102 35.5 0.5 52.00783017667793 330.0 83.5 13.600923963586485 65.6458969116211
9047 1901 241.5 0.5 -2.943898938106855 265.5 6.75 -6.331103498674732 98.10299682617188
9047 1902 15.0 0.5 0.0 232.0 4.0 6.642279079629489 31.57379913330078
9048 3703 172.0 0.5 12.678464281906884 319.5 0.5 37.143598664194705 127.88300323486328
9048 1901 82.0 9.25 8.15114478189902 95.0 8.25 4.603472138262886 112.7750015258789
9047 12701 126.0 0.5 12.063323378752443 235.0 18.0 18.42662300431655 75.19999694824219
9492 3702 123.0 1.5 14.652482968118216 60.5 2.5 23.864862441183462 68.47049713134766
9497 12705 193.5 5.0 37.052806627700676 309.5 2.0 45.11432488076389 123.28199768066406
9509 6102 97.5 0.5 -59.8224638526263 58.5 12.75 8.218666061040986 66.81919860839844
9507 9101 208.5 0.5 93.08884267217928 286.5 1.25 31.05898952484131 105.11199951171875
8158 3702 154.0 0.5 -257.87579650573747 93.0 0.5 -379.3252868652344 162.4929962158203
9002 12703 92.0 0.5 -90.97718282414138 354.0 0.5 6.440779889623324 107.4749984741211
9045 6103 9.5 0.5 2.208047407205285 52.0 5.25 10.912108729919202 80.1249008178711
9888 3703 213.5 0.5 18.17060422897339 141.0 3.25 16.227301935455202 3.336980104446411
9042 12705 204.0 0.5 0.0 228.0 0.5 40.34898376464844 51.00120162963867
9888 6101 118.0 0.5 -46.429821950289764 202.5 2.75 7.901733434781953 56.21369934082031
9888 1902 331.5 3.25 4.9871870927104744 338.0 8.25 12.736812056813541 144.17799377441406
9050 3701 236.5 1.0 -17.64939381904322 240.5 3.5 5.330752383610715 64.9126968383789
9048 6101 63.0 7.0 -2.5205632967447116 61.0 3.5 2.2758483984933946 62.90999984741211
8326 9101 224.5 0.75 -4.312272217895526 23.0 38.5 1.7950634956359863 94.7572021484375
9868 3704 241.0 0.5 75.06319717610967 107.0 89.75 3.636558392885746 121.41500091552734
8552 1902 28.0 0.5 2.3038885938785896 43.0 4.25 -3.005842328151232 33.85260009765625
8552 9102 95.0 0.5 23.977399536750298 88.0 3.25 16.008819580078125 134.07000732421875
7443 6104 104.5 0.5 3.299804847494414 287.0 1.5 -6.740989685058594 113.23400115966797
8131 12705 133.0 0.5 0.0 222.0 26.5 4.9974125623703 93.07080078125
8135 6104 110.0 0.5 14.363030176216881 112.0 2.0 11.714166381633634 115.42900085449219
8566 6101 71.5 0.5 5.562345517152096 43.5 4.5 -19.046812746275823 31.52899932861328
8131 1901 99.0 0.5 9.169605248391804 287.0 3.0 10.756386882314075 139.98500061035156
8566 3702 2.0 1.2500000000000007 2.0513460730022732 198.0 7.0 6.241190891975252 157.34300231933594
8134 3704 319.0 0.5 0.0 358.0 6.250000000000006 0.0 168.34100341796875
8134 6101 301.5 1.5 -10.660715647013362 117.0 15.0 -9.01810367168385 118.39900207519531
8720 3703 163.0 3.0 55.68784039786115 168.5 9.250000000000007 8.096901890221652 152.79600524902344
9002 3701 98.5 0.5 -70.8153700672921 333.0 3.75 8.25433312498923 151.88299560546875
9002 9101 348.5 0.5 84.79972826752524 252.5 5.25 12.456228256225586 72.77880096435547
9891 3704 328.5 0.5 40.68901878071479 32.5 1.75 29.33377456665039 30.84670066833496
9891 3703 268.0 0.75 121.99065761811433 283.5 1.25 65.90905276795817 9.251680374145508
9043 3702 315.5 0.5 36.405218982862095 162.0 6.25 -6.1975487757288406 72.93009948730469
9043 12702 345.0 0.5 0.0 50.5 5.75 23.969648108820525 14.609999656677246
8132 1901 25.0 0.5 35.91057885626388 192.5 2.25 11.892191759708197 139.32899475097656
8133 12704 290.5 6.25 -97.88600502662715 79.0 3.25 -70.04789293464947 91.69419860839844
8715 3701 138.0 1.5 90.22104394522908 51.0 2.25 55.22510189133318 15.375
8715 12703 40.5 0.5 0.0 307.0 1.25 4.033073861143152 94.0780029296875
8715 3703 199.5 0.5 -11.75310298504779 74.5 2.25 -6.519169984878626 83.24620056152344
8716 9101 53.0 0.5 67.80550325064895 350.5 1.25 67.28924703598022 145.46800231933594
8711 1901 285.5 0.5 7.288236729086087 248.0 19.5 5.5274124192350875 105.9209976196289
8711 3703 229.0 0.5 -3.9059949024682044 212.5 11.75 5.949554920196533 39.10639953613281
8716 6104 339.5 0.5 97.89687048055829 172.5 13.750000000000005 8.807041778590943 15.799200057983398
8712 9102 304.5 0.5 0.0 126.5 8.75 9.953968333505028 149.92799377441406
8712 3704 88.5 0.5 -22.31631978689034 55.5 1.75 7.316695214755754 53.9630012512207
8712 1901 113.0 2.75 12.526854141782586 117.0 3.25 16.863968325865844 96.95480346679688
9491 6102 242.5 0.75 -0.3449615351311053 65.0 7.5 -2.4019965827254453 70.19129943847656
9491 3704 35.0 0.75 -27.063808393009865 12.5 1.5 -4.8898512167284025 8.228150367736816
9490 3703 227.0 0.5 -10.309830477667163 116.5 7.0 12.462292977140045 121.76599884033203
9490 1901 304.0 0.5 21.0387529810577 282.0 2.0 1.2272872924804688 101.63800048828125
9488 3702 7.0 1.25 -6.1483471298760435 7.5 3.5 4.342141065895582 6.031630039215088
8939 6104 351.0 32.75 -6.955084287390843 268.0 0.5 48.285755400736114 90.06890106201172
9507 3701 37.0 1.0 2.720665051055704 56.5 1.25 0.8805965955826451 49.28779983520508
9502 1902 100.0 0.5 -68.03462165336978 38.5 29.5 13.89457458079151 29.94930076599121
9502 3704 248.5 4.0 7.105833925850661 248.0 5.5 -5.022270997483613 56.73820114135742
9500 3704 313.5 17.75 -0.9064108552370769 109.0 1.5 15.76065376038131 68.86489868164062
8150 1901 143.5 0.5 -45.15651007497619 156.5 9.0 -33.04078601858896 164.8820037841797
8568 3701 70.0 39.0 27.08105701101435 224.0 4.25 8.636295099682446 39.37670135498047
8568 12701 66.5 0.5 -69.63132010967672 307.0 5.0 -1.4340894265274304 120.83200073242188
8943 3703 174.0 0.5 19.044211265919657 162.5 1.5 1.227254867553711 163.5679931640625
8943 9102 276.0 0.5 22.964359244177146 280.0 2.25 22.50815200805664 99.8134994506836
8445 12702 226.0 0.5 10.764837979897294 228.5 1.25 15.682020586366534 50.91239929199219
8445 3702 150.5 0.5 18.451246529991266 159.5 2.25 3.872454491938493 159.80999755859375
8330 12705 206.5 0.5 2.2916109257004393 207.0 4.5 9.343501498844967 131.24400329589844
8330 1901 357.5 0.5 0.0 46.5 3.5 9.104781920963603 45.449100494384766
8935 12701 106.5 0.5 0.0 274.5 14.25 -6.146131916625405 120.30599975585938
8323 9101 344.0 1.5 24.106754666361315 212.5 41.25 14.73499560138152 172.80799865722656
8323 6103 125.0 0.5 -44.06918253274161 116.5 2.25 -33.23026666433619 122.82099914550781
8445 6102 182.0 0.5 -14.807165315877839 284.0 3.5 1.1611362595645147 20.985000610351562
9494 1902 32.5 0.5 12.885782698629846 25.5 5.75 1.7934071138420151 23.86359977722168
9505 3701 77.5 0.5 -17.689405538272233 213.0 9.0 -0.8600049906355558 38.256099700927734
8554 6102 213.0 4.0 209.18449527449235 184.5 4.750000000000002 37.408519337827215 50.109798431396484
8442 6104 273.0 0.75 26.46939666098313 7.5 9.499999999999998 5.534879920439948 12.353400230407715
8446 1902 249.5 3.5 12.182965464210127 62.5 5.25 10.898732792658302 53.616798400878906
8554 1902 130.0 6.0 8.386918487945756 110.5 5.5 6.690747495203978 117.27999877929688
8554 1901 42.5 0.5 1.0207814214088273 224.0 1.75 8.521670733961415 37.60580062866211
8554 9102 122.5 0.5 0.0 117.5 13.5 0.8202534914016724 172.7469940185547
8985 1902 332.0 11.0 6.3488113184950095 321.0 4.5 10.027513273797524 144.50900268554688
9863 3701 203.0 0.5 0.0 336.0 7.0 -15.162150621414185 170.31500244140625
8950 3701 182.0 0.75 -34.68071768773092 332.0 19.25 -13.144893810153008 172.87100219726562
8933 9102 290.0 0.5 -2.462198840822648 344.5 7.75 9.657764650590208 96.59709930419922
8933 6101 230.5 0.5 0.0 59.5 7.5 14.681621870452503 62.85449981689453
8932 12703 9.0 0.5 -15.05535807413645 57.0 4.25 12.76810497045517 59.1786994934082
9876 1902 175.5 1.75 -11.001102104654574 220.0 10.0 11.153550989559768 33.192501068115234
8949 6101 33.0 0.5 -25.776245258597267 348.5 0.5 16.801969670861876 161.4739990234375
8931 3704 104.0 0.5 23.973498836138248 309.5 41.25 1.4919684038367094 40.11520004272461
8949 6104 184.5 0.5 -3.0261497497558594 26.0 12.0 -13.68818246690109 37.6952018737793
9876 1901 71.5 0.5 -129.18743738564734 300.0 27.5 -0.42445510833994393 107.66400146484375
8949 12704 114.5 0.5 -77.05257873535152 4.0 12.250000000000004 0.0 163.27499389648438
8934 1901 176.5 0.5 -103.18044445507826 279.5 3.75 -5.334254406557832 109.14299774169922
9863 1902 132.5 0.75 -30.657129143086095 293.0 39.75 11.657995933871902 130.5
9863 6104 259.0 0.5 6.619071284250637 27.5 7.0 15.361143094083436 47.52980041503906
8935 1901 288.0 0.5 41.84747169404409 192.5 19.500000000000004 -2.5294335698930794 83.59089660644531
8933 12703 195.0 0.5 0.0 310.0 5.5 -2.8663864135742188 123.73500061035156
8935 1902 230.0 25.0 -58.2268091416297 187.5 5.5 19.45993562736206 174.3209991455078
8983 1901 235.5 0.5 19.70353775213104 46.0 22.25 4.95424412267226 76.37129974365234
8982 3704 169.5 0.5 33.225770050601504 159.0 6.25 6.380115490485451 119.7509994506836
8952 9101 207.0 0.5 4.094022002486469 206.0 2.75 5.828438758850098 22.677400588989258
9881 6104 216.5 0.5 57.45143266711186 233.0 2.75 12.997159745362069 86.57060241699219
9881 1901 114.0 6.25 -2.522033288427181 113.0 5.75 -1.5550826819866472 112.66000366210938
7495 3704 143.5 0.5 2.608451446544052 185.5 3.75 26.164307815488698 71.0186996459961
8241 6104 154.0 0.5 -7.470718036897878 265.5 3.5 -4.258230062405765 80.7833023071289
8448 12701 276.0 0.5 0.0 181.5 0.5 11.168043178988974 107.54100036621094
8448 1902 225.5 0.5 -3.352504616707254 110.5 4.5 17.12787403911352 111.75900268554688
8449 1902 100.5 8.5 4.071899247814542 91.5 9.5 7.23312257656046 114.61100006103516
8449 3702 262.0 0.5 -12.10230235743223 288.5 2.5 8.018729364012707 79.80059814453125
8450 6104 93.0 2.25 15.708565746037916 102.0 3.75 7.2126604461187505 117.94100189208984
8311 6103 169.0 0.5 53.056945375746494 162.5 2.0 10.39571684212811 164.2480010986328
8311 1901 204.0 2.75 18.787042972961338 24.0 5.0 11.027434159009854 26.225000381469727
9881 9101 175.5 0.5 72.37733228885276 248.0 4.0 8.548299338280472 95.12560272216797
9881 1902 20.5 2.5 7.766626263252629 88.5 16.5 9.02056252302689 101.85600280761719
8320 1901 222.0 2.75 18.216206600103277 337.5 19.5 11.369592300999548 149.6699981689453
8483 3703 286.5 1.5 0.0 263.0 3.25 5.794076298315076 89.80480194091797
8483 12703 249.0 3.75 -5.040958231015445 252.5 6.0 -14.843901558889636 151.1269989013672
8458 6104 245.0 1.5 5.937319105161308 239.5 5.25 1.1673898696899414 66.14649963378906
7958 9102 48.5 0.5 14.166905276301257 16.5 1.5 4.396909077962242 21.632200241088867
7958 3704 347.0 0.5 0.0 331.5 6.0 0.3437948226928711 149.5330047607422
9185 9102 192.0 0.5 -36.3310010461534 195.0 2.25 -15.983213800085707 16.588199615478516
9194 6102 357.5 1.25 48.81290547905098 8.5 3.25 29.762840588887535 159.3179931640625
8132 6103 309.0 0.5 188.66396194107466 269.0 0.75 9.175126892087532 174.10499572753906
8131 12702 189.5 0.5 32.76725319485175 179.5 0.7499999999999978 -28.700936794281006 41.279998779296875
8153 6103 15.5 0.5 0.759539365503997 283.0 1.75 0.0 101.90599822998047
9181 3704 289.0 0.5 0.0 242.0 4.25 -6.349318981170654 121.63899993896484
8717 6104 19.0 0.5 -108.67970185014853 291.5 4.0 30.328782071595548 101.10600280761719
7975 3704 301.0 2.0 10.439604586641792 345.5 4.25 -0.0037784650921821594 126.24099731445312
8937 12702 194.0 0.5 25.498569262724562 206.5 17.25 8.942152346031136 19.413400650024414
8939 9101 265.0 1.0 45.561607942175215 323.0 4.25 15.643523631206318 20.538700103759766
9488 6104 111.5 0.5 -38.648691511151014 326.5 2.0 6.682886123657227 154.35699462890625
8461 12701 235.5 0.5 74.53707305190684 123.5 4.75 -25.287554561534222 118.20899963378906
8330 6103 18.0 0.5 -3.8633754462927143 7.5 3.0 -3.3473756900080787 158.73699951171875
9039 12701 313.5 0.5 57.123531098542486 131.0 3.0 30.05610418319702 91.43779754638672
9025 6101 160.5 0.5 -33.54429844954535 152.5 3.5 18.63321590423584 141.01800537109375
8612 6102 193.0 0.75 15.854284741952313 21.0 15.25 5.489463003299591 163.06900024414062
8133 6103 185.5 0.75 -34.543396579806824 243.5 11.75 15.903312623500824 85.96900177001953
9881 3704 176.5 1.0 -1.2368784822407903 89.0 2.75 -2.7682233645786134 79.20929718017578
8983 12704 187.0 0.5 39.39584147523547 2.5 2.75 -25.947471978203552 155.0919952392578
8600 9101 154.5 0.5 0.0 147.0 0.5 14.117461947555745 95.44059753417969
9029 9101 237.5 0.5 -10.491474913038786 239.0 3.75 2.0409125163093167 56.75450134277344
8329 9101 335.0 0.5 22.94661565376991 332.0 3.5 -23.990910494159664 113.16400146484375
8322 3702 229.5 0.5 32.75425095006315 91.0 3.0 8.604114163972184 99.2437973022461
8331 3701 301.0 0.5 21.67876188057727 304.5 10.25 3.5140665888520397 119.2030029296875
8466 3701 308.5 1.5 4.279247166886904 224.0 4.25 10.541895491708093 40.387699127197266
8990 12702 314.0 0.5 8.81508532041057 191.0 2.5 17.30165100765675 165.67999267578125
8999 3702 329.0 0.5 -12.986199370031308 33.0 1.5 -10.991911828834292 71.53880310058594
8595 12704 132.0 0.5 -22.79355840976421 94.0 1.75 -32.13002562522888 14.89490032196045
