9042 3704 32.0 148.5 146.48500061035156
8439 6104 101.5 4.5 52.16299819946289
9502 9101 162.0 171.5 92.68689727783203
8943 12705 175.0 71.0 21.239700317382812
8274 12705 136.0 131.0 156.19000244140625
9043 12703 166.5 145.5 87.11009979248047
8727 3703 35.0 129.5 132.8699951171875
8612 1901 124.5 145.0 146.5659942626953
9044 6104 129.0 179.0 59.15879821777344
8482 1901 20.0 93.5 118.46499633789062
8443 6101 45.5 63.5 60.93989944458008
8454 12705 50.5 1.0 88.74739837646484
8256 12705 139.5 158.5 156.19000244140625
8948 1901 158.5 24.0 20.30109977722168
8158 3701 116.5 108.0 109.99199676513672
7992 12702 57.0 26.5 19.058700561523438
7992 3701 162.0 151.5 157.322998046875
7992 12705 18.0 44.5 18.096599578857422
8611 1902 43.0 46.0 46.183101654052734
7991 3704 164.5 162.0 162.41299438476562
7990 3701 99.5 97.5 91.21389770507812
8625 6103 15.5 53.5 177.5330047607422
8626 12701 2.5 129.0 107.89700317382812
7990 12705 125.5 1.0 108.99299621582031
9196 1901 125.5 110.5 109.4729995727539
8611 6101 2.5 57.5 56.950599670410156
9196 12702 168.5 18.0 2.0418100357055664
8655 9101 84.5 164.5 45.60940170288086
8153 9101 98.0 87.0 86.0457992553711
8153 6104 74.5 40.5 56.29750061035156
8077 3701 86.0 85.5 64.6239013671875
8153 12703 145.5 85.0 154.03399658203125
8077 1901 73.5 44.0 71.80860137939453
8077 6101 102.0 126.5 60.27510070800781
8077 1902 81.5 129.0 129.24200439453125
8154 6103 109.5 133.5 119.83799743652344
8154 3704 89.5 99.0 100.86499786376953
8081 12701 134.5 85.0 53.2317008972168
9194 3704 161.5 126.0 67.96399688720703
9194 1902 36.0 40.0 34.707000732421875
9193 1902 61.5 63.5 57.36109924316406
8082 1901 151.5 75.0 163.0229949951172
8081 3702 155.0 141.5 176.6439971923828
8083 3701 35.5 33.5 122.0999984741211
8083 1902 127.0 114.5 102.89399719238281
8084 6104 9.5 20.5 14.451800346374512
8155 1901 132.0 91.5 85.95120239257812
8084 1902 52.0 132.5 137.25999450683594
8135 6102 91.5 46.0 33.42729949951172
8137 1902 159.0 0.5 177.11900329589844
8137 6103 95.0 5.5 3.764470100402832
8137 3701 11.0 1.0 178.21400451660156
8140 3702 144.5 111.5 108.31999969482422
8713 3703 53.5 106.0 101.6969985961914
8143 1902 52.5 50.0 52.857200622558594
8141 3704 33.0 50.0 49.65549850463867
8143 6103 92.0 134.5 108.83100128173828
8143 3703 41.5 127.0 133.46800231933594
8143 6104 26.0 25.5 20.395599365234375
8243 3701 30.5 6.0 17.962499618530273
10001 6103 43.0 74.5 32.074501037597656
8721 1901 164.5 101.5 127.27899932861328
8728 3701 156.0 177.0 5.265379905700684
8158 12704 147.5 161.5 13.01259994506836
8158 12703 45.5 102.0 109.9530029296875
9512 3702 137.0 126.5 129.39500427246094
9512 3701 20.0 171.5 28.389400482177734
9512 1901 19.0 124.0 120.6050033569336
9512 6102 171.0 0.5 133.7550048828125
9512 12703 161.0 80.5 17.2007999420166
9512 12702 16.0 115.0 35.74359893798828
10001 9102 132.0 127.0 115.74500274658203
9181 12701 16.0 160.5 86.49829864501953
9181 12704 1.5 101.0 5.4864301681518555
9183 6104 124.0 101.5 117.12999725341797
9182 3703 178.5 169.0 169.4810028076172
8725 1902 4.5 162.0 64.31649780273438
8725 6101 18.0 6.5 169.25
8725 3704 56.0 57.5 6.230820178985596
8725 12703 82.0 156.0 135.79600524902344
8548 3701 68.0 71.5 78.1886978149414
8482 12704 155.5 60.5 87.28949737548828
8548 12705 173.5 155.5 143.64700317382812
8483 9101 140.0 92.5 86.94419860839844
9026 12701 13.0 8.5 8.462220191955566
8555 6104 158.5 39.5 36.124900817871094
8612 6101 160.5 165.5 163.59100341796875
8078 1902 74.0 73.5 106.45999908447266
8156 9101 76.0 178.5 111.61299896240234
8618 6102 34.0 72.0 66.73030090332031
8618 12705 55.5 143.0 149.7469940185547
8618 6104 137.0 130.5 132.1179962158203
7815 6102 83.5 79.0 175.1790008544922
7977 12702 15.0 153.0 9.928770065307617
7977 3701 55.5 55.5 59.060001373291016
8977 3701 83.5 9.0 157.36900329589844
8717 6101 80.0 157.5 162.44900512695312
8717 12702 100.5 101.0 43.641300201416016
9486 6103 66.5 56.0 84.22889709472656
8549 9101 109.0 53.0 176.7830047607422
8549 3704 137.0 143.0 141.22000122070312
9029 9102 65.0 98.0 130.19400024414062
8555 9101 30.5 91.5 79.91549682617188
8555 3701 11.0 25.5 15.10990047454834
8555 3702 31.5 111.0 0.7929990291595459
8978 3704 118.0 110.5 126.90699768066406
9869 3701 155.5 50.5 46.503700256347656
8613 3702 63.0 158.5 135.48300170898438
8606 3704 40.5 80.0 79.45390319824219
8247 3704 68.0 142.5 136.947998046875
8247 3703 22.5 8.5 6.033390045166016
8250 9102 83.0 51.5 53.168399810791016
8149 1901 115.5 108.0 123.79399871826172
8149 3702 155.0 35.0 28.23579978942871
8938 1902 94.5 126.5 130.43299865722656
8938 9102 110.0 152.0 153.21099853515625
8948 3702 24.0 23.5 3.289180040359497
8999 3703 51.5 138.5 141.51499938964844
8997 1902 177.0 168.5 164.0850067138672
8992 3701 40.0 88.5 76.12470245361328
8992 6102 100.5 133.5 133.13099670410156
8992 12705 144.0 162.0 159.17300415039062
8997 3703 158.0 133.5 153.8509979248047
8992 3704 179.5 179.0 169.71499633789062
8991 1902 143.0 163.5 158.57699584960938
8936 3704 126.0 49.0 74.34290313720703
9184 3701 14.5 17.5 12.83810043334961
9184 1902 33.5 139.5 140.8820037841797
8249 6103 3.5 10.5 62.503700256347656
8941 9101 99.0 107.5 113.36699676513672
8940 3702 153.5 58.0 60.59619903564453
8461 1902 107.0 84.0 85.4447021484375
8461 6104 20.5 170.0 6.103030204772949
8456 1902 32.5 119.0 118.56800079345703
8456 6103 171.0 121.5 107.82499694824219
8454 9101 71.5 67.5 69.69560241699219
8453 3703 48.0 72.5 149.0070037841797
8993 3703 43.5 45.5 63.90879821777344
8999 9101 55.5 178.0 3.3805201053619385
8946 1901 42.0 97.5 103.58300018310547
8613 3701 129.5 68.0 156.9810028076172
8613 6102 84.0 16.5 56.76620101928711
9185 1901 129.5 25.0 151.7209930419922
7958 3703 104.5 101.0 106.53600311279297
7960 1902 94.5 133.5 169.0959930419922
7960 3701 138.0 142.5 136.1060028076172
7960 6104 15.5 76.0 171.45799255371094
7962 3704 23.5 4.0 9.578949928283691
7962 1902 16.0 123.5 126.07099914550781
9085 3701 89.0 72.5 74.95890045166016
9085 6104 13.5 163.5 160.93699645996094
7962 9102 114.5 93.0 76.38870239257812
8623 3702 93.5 53.0 50.74259948730469
8623 6102 100.5 155.5 131.2239990234375
7964 3702 128.0 64.0 80.404296875
7964 1902 51.0 82.0 141.36000061035156
7968 9102 17.5 62.0 84.8281021118164
8616 6101 162.0 166.5 165.86199951171875
8616 1902 171.0 139.0 135.8820037841797
8616 12701 149.5 172.0 155.07000732421875
7968 3703 80.0 74.5 75.50199890136719
9000 12701 19.5 21.5 13.809499740600586
9000 3702 150.5 117.0 160.4340057373047
9000 6104 122.5 25.0 24.553600311279297
8995 3703 129.0 115.5 161.61500549316406
8995 12703 74.5 117.5 137.19700622558594
8309 6102 78.5 29.0 178.76800537109375
8309 12704 170.0 167.0 163.20700073242188
9864 3702 103.5 107.0 74.21109771728516
9864 1902 147.0 112.5 125.48999786376953
8591 1902 18.0 148.0 148.31300354003906
9864 12705 135.5 160.0 167.39999389648438
9865 9101 140.0 28.5 159.0970001220703
8597 3704 137.5 67.0 46.858001708984375
8597 3703 3.0 43.0 38.89630126953125
9034 6103 39.5 53.0 57.30839920043945
9870 1902 1.5 62.5 67.31529998779297
9037 1901 171.0 50.0 96.06449890136719
8146 3701 35.5 50.0 45.605499267578125
8938 1901 50.0 12.0 8.881199836730957
9184 9101 71.0 139.5 171.21099853515625
8592 1901 25.0 35.5 30.528900146484375
8592 12703 79.0 143.0 152.45899963378906
8486 3702 86.5 135.0 129.41600036621094
9031 3704 163.5 60.0 65.68479919433594
9036 3703 173.5 69.0 65.68479919433594
8550 1902 3.5 159.0 158.47000122070312
8312 9102 154.5 178.5 175.50599670410156
8604 6104 36.5 85.5 87.0238037109375
8312 1901 72.0 129.0 124.0469970703125
8604 6102 14.0 151.5 73.56780242919922
9883 6101 133.5 58.0 34.098899841308594
8440 3701 143.5 134.5 135.41299438476562
8440 9101 170.0 158.0 173.53900146484375
8440 12702 21.5 41.5 64.50050354003906
8247 6101 11.0 21.5 52.95610046386719
8247 9102 165.0 165.0 129.4199981689453
8247 6103 72.0 62.0 59.39910125732422
8250 1902 28.5 102.5 107.85399627685547
8458 9101 148.0 166.0 9.279500007629395
8726 6101 164.5 109.0 71.84030151367188
8149 12705 40.5 11.5 103.68599700927734
8942 3701 62.5 79.0 78.77069854736328
8941 3704 31.5 81.0 91.28880310058594
9510 6104 111.5 68.0 142.93099975585938
9509 3701 108.5 147.0 149.85299682617188
9509 1902 89.5 103.0 113.02899932861328
8942 6101 34.5 166.0 159.87100219726562
9510 3701 93.0 54.5 49.87419891357422
8319 3702 34.0 157.0 32.7859001159668
8319 6104 85.5 77.5 131.69200134277344
8325 6101 112.5 79.5 41.07740020751953
8325 1901 173.5 172.5 161.40899658203125
8325 1902 87.5 124.0 124.66000366210938
8329 1902 11.0 132.0 115.58899688720703
8326 3701 62.5 77.5 93.643798828125
8329 1901 65.0 81.0 93.643798828125
8980 3701 136.5 179.5 28.16830062866211
8980 1902 16.0 0.0 3.204930067062378
8980 12703 55.5 154.0 135.39700317382812
9871 9102 84.0 4.5 9.344189643859863
8591 3702 110.0 161.0 151.56500244140625
8591 6101 52.0 154.0 146.40499877929688
8591 3701 26.5 23.5 21.458599090576172
8547 9101 49.5 10.5 167.11099243164062
8595 1901 85.0 149.0 146.48800659179688
8592 3701 40.5 41.0 39.97060012817383
9865 12703 71.0 43.0 94.36470031738281
8551 3703 94.0 108.0 119.43699645996094
9037 6103 29.0 40.0 51.595401763916016
9037 1902 129.5 132.0 133.50999450683594
9035 1901 169.0 154.5 153.71499633789062
8551 3704 40.5 43.0 78.15280151367188
9036 1902 2.0 146.0 145.21400451660156
8335 9101 138.5 21.5 134.55599975585938
8454 6102 31.5 100.5 113.62899780273438
8454 1902 25.5 1.5 122.15599822998047
8455 12703 118.0 111.5 9.404080390930176
8253 1902 110.0 160.5 159.2740020751953
8258 6102 69.5 67.0 68.82929992675781
8257 3701 171.0 0.0 175.75399780273438
8274 1902 105.5 50.0 103.06600189208984
8451 1902 102.0 169.5 103.06600189208984
8451 6104 60.5 117.0 177.90199279785156
8466 6102 136.0 176.0 179.71099853515625
8261 9101 58.0 128.0 134.17599487304688
8464 1901 68.0 60.0 151.96499633789062
8464 1902 6.5 159.5 135.37399291992188
8317 12701 170.5 124.5 100.49800109863281
8318 12701 32.5 163.0 159.8489990234375
8447 6102 81.5 96.0 136.86500549316406
9039 1902 15.0 168.5 165.49099731445312
9041 12705 175.5 73.0 45.239200592041016
9028 3702 37.5 21.0 16.95829963684082
9028 1901 34.0 43.5 41.00510025024414
8568 1902 105.5 100.5 99.18669891357422
8568 1901 34.0 144.0 150.72500610351562
8253 1901 165.0 58.0 88.6675033569336
8253 9101 160.0 152.5 155.7480010986328
8254 3701 147.5 126.5 130.7480010986328
8254 3703 165.5 67.0 66.19190216064453
8466 1901 151.0 60.5 60.27109909057617
8946 3703 148.5 12.5 156.97500610351562
8946 9102 145.0 12.0 155.98699951171875
8945 6102 92.5 99.5 100.2239990234375
8259 1901 133.0 41.0 58.08769989013672
8261 12701 139.5 6.0 148.02499389648438
8262 6102 16.0 26.5 22.170400619506836
8317 12702 155.0 22.0 35.1505012512207
8318 1901 123.0 116.0 117.08599853515625
8465 1902 60.5 62.5 77.9136962890625
9049 1902 79.5 101.5 128.4550018310547
9047 6102 46.0 148.0 65.6458969116211
9047 1901 52.5 82.0 98.10299682617188
9047 1902 165.5 51.0 31.57379913330078
9048 3703 128.5 124.0 127.88300323486328
9048 1901 59.5 92.0 112.7750015258789
9047 12701 34.5 109.0 75.19999694824219
9492 3702 132.5 60.5 68.47049713134766
9497 12705 50.0 153.0 123.28199768066406
9509 6102 22.5 58.0 66.81919860839844
9507 9101 63.0 97.0 105.11199951171875
8158 3702 161.0 93.0 162.4929962158203
9002 12703 11.0 174.5 107.4749984741211
9045 6103 12.0 76.5 80.1249008178711
9888 3703 148.5 156.5 3.336980104446411
9042 12705 69.5 30.5 51.00120162963867
9888 6101 55.5 30.0 56.21369934082031
9888 1902 153.0 171.0 144.17799377441406
9050 3701 64.0 60.5 64.9126968383789
9048 6101 56.0 45.0 62.90999984741211
8326 9101 80.0 87.5 94.7572021484375
9868 3704 53.5 138.0 121.41500091552734
8552 1902 40.5 43.5 33.85260009765625
8552 9102 92.5 99.5 134.07000732421875
7443 6104 102.0 107.0 113.23400115966797
8131 12705 10.0 11.0 93.07080078125
8135 6104 160.0 111.5 115.42900085449219
8566 6101 47.5 169.5 31.52899932861328
8131 1901 123.0 108.0 139.98500061035156
8566 3702 15.5 26.0 157.34300231933594
8134 3704 122.0 179.0 168.34100341796875
8134 6101 123.0 116.5 118.39900207519531
8720 3703 143.5 178.0 152.79600524902344
9002 3701 93.0 147.0 151.88299560546875
9002 9101 97.0 73.5 72.77880096435547
9891 3704 152.0 35.5 30.84670066833496
9891 3703 92.5 135.0 9.251680374145508
9043 3702 138.0 169.0 72.93009948730469
9043 12702 167.0 28.0 14.609999656677246
8132 1901 21.0 13.5 139.32899475097656
8133 12704 114.0 31.5 91.69419860839844
8715 3701 118.5 43.0 15.375
8715 12703 82.0 108.5 94.0780029296875
8715 3703 55.5 80.5 83.24620056152344
8716 9101 46.5 153.5 145.46800231933594
8711 1901 128.0 71.0 105.9209976196289
8711 3703 77.0 31.0 39.10639953613281
8716 6104 88.5 147.0 15.799200057983398
8712 9102 104.0 131.0 149.92799377441406
8712 3704 172.0 53.0 53.9630012512207
8712 1901 112.0 118.0 96.95480346679688
9491 6102 85.5 67.5 70.19129943847656
9491 3704 35.5 12.5 8.228150367736816
9490 3703 43.0 98.5 121.76599884033203
9490 1901 147.5 98.0 101.63800048828125
9488 3702 8.5 7.5 6.031630039215088
8939 6104 137.0 79.5 90.06890106201172
9507 3701 43.5 53.0 49.28779983520508
9502 1902 132.5 48.0 29.94930076599121
9502 3704 67.0 74.0 56.73820114135742
9500 3704 135.5 63.0 68.86489868164062
8150 1901 172.5 173.0 164.8820037841797
8568 3701 10.0 41.5 39.37670135498047
8568 12701 75.0 120.5 120.83200073242188
8943 3703 131.5 164.5 163.5679931640625
8943 9102 103.0 103.0 99.8134994506836
8445 12702 47.5 49.5 50.91239929199219
8445 3702 159.0 166.5 159.80999755859375
8330 12705 173.5 24.0 131.24400329589844
8330 1901 171.0 46.0 45.449100494384766
8935 12701 47.0 102.0 120.30599975585938
8323 9101 137.5 78.5 172.80799865722656
8323 6103 136.0 119.0 122.82099914550781
8445 6102 177.0 105.0 20.985000610351562
9494 1902 179.5 29.5 23.86359977722168
9505 3701 24.5 51.0 38.256099700927734
8554 6102 42.5 73.0 50.109798431396484
8442 6104 98.5 17.0 12.353400230407715
8446 1902 68.0 58.5 53.616798400878906
8554 1902 133.0 110.0 117.27999877929688
8554 1901 56.0 42.0 37.60580062866211
8554 9102 108.0 127.0 172.7469940185547
8985 1902 144.0 141.5 144.50900268554688
9863 3701 154.0 144.5 170.31500244140625
8950 3701 74.5 25.0 172.87100219726562
8933 9102 96.0 92.0 96.59709930419922
8933 6101 70.5 57.0 62.85449981689453
8932 12703 43.0 57.0 59.1786994934082
9876 1902 22.5 33.5 33.192501068115234
8949 6101 48.0 170.0 161.4739990234375
8931 3704 85.5 31.5 40.11520004272461
8949 6104 133.0 29.0 37.6952018737793
9876 1901 132.0 152.0 107.66400146484375
8949 12704 81.5 172.0 163.27499389648438
8934 1901 75.5 110.5 109.14299774169922
9863 1902 175.5 104.5 130.5
9863 6104 42.5 38.5 47.52980041503906
8935 1901 37.5 64.5 83.59089660644531
8933 12703 31.5 125.0 123.73500061035156
8935 1902 102.5 3.0 174.3209991455078
8983 1901 94.5 97.0 76.37129974365234
8982 3704 179.0 168.0 119.7509994506836
8952 9101 27.0 24.5 22.677400588989258
9881 6104 36.0 55.0 86.57060241699219
9881 1901 113.0 109.0 112.66000366210938
7495 3704 79.5 3.5 71.0186996459961
8241 6104 162.0 100.5 80.7833023071289
8448 12701 104.5 165.0 107.54100036621094
8448 1902 14.0 107.0 111.75900268554688
8449 1902 111.5 117.0 114.61100006103516
8449 3702 72.0 109.0 79.80059814453125
8450 6104 93.5 102.0 117.94100189208984
8311 6103 131.0 167.5 164.2480010986328
8311 1901 20.0 23.5 26.225000381469727
9881 9101 155.5 73.5 95.12560272216797
9881 1902 147.0 81.5 101.85600280761719
8320 1901 40.0 154.0 149.6699981689453
8483 3703 108.0 85.0 89.80480194091797
8483 12703 77.5 74.5 151.1269989013672
8458 6104 76.0 61.5 66.14649963378906
7958 9102 49.5 17.5 21.632200241088867
7958 3704 122.5 159.5 149.5330047607422
9185 9102 25.0 96.5 16.588199615478516
9194 6102 37.5 176.0 159.3179931640625
8132 6103 177.0 118.0 174.10499572753906
8131 12702 173.5 55.5 41.279998779296875
8153 6103 39.0 105.5 101.90599822998047
9181 3704 123.0 78.5 121.63899993896484
8717 6104 94.0 86.0 101.10600280761719
7975 3704 118.5 16.5 126.24099731445312
8937 12702 172.0 14.0 19.413400650024414
8939 9101 94.5 10.0 20.538700103759766
9488 6104 10.0 158.0 154.35699462890625
8461 12701 101.0 102.0 118.20899963378906
8330 6103 19.0 5.5 158.73699951171875
9039 12701 124.0 130.5 91.43779754638672
9025 6101 136.0 154.0 141.01800537109375
8612 6102 2.5 147.5 163.06900024414062
8133 6103 1.0 67.5 85.96900177001953
9881 3704 6.5 88.5 79.20929718017578
8983 12704 138.5 93.5 155.0919952392578
8600 9101 12.0 143.0 95.44059753417969
9029 9101 57.0 59.0 56.75450134277344
8329 9101 96.5 160.0 113.16400146484375
8322 3702 47.0 92.0 99.2437973022461
8331 3701 10.0 125.5 119.2030029296875
8466 3701 127.0 48.5 40.387699127197266
8990 12702 57.0 157.0 165.67999267578125
8999 3702 149.5 2.5 71.53880310058594
8595 12704 82.5 149.5 14.89490032196045
