9042 3704 32.0 0.5 29.20844945970387 148.5 3.75 0.7520932724416429 146.48500061035156
8439 6104 101.5 0.5 10.036253518988772 4.5 3.75 21.252708629967877 52.16299819946289
9502 9101 162.0 0.5 70.26233412547504 171.5 0.5 -115.16321528988168 92.68689727783203
8943 12705 175.0 0.5 -115.16691728288151 71.0 0.5 1308.3010222278997 21.239700317382812
8274 12705 136.0 0.5 74.76911106693252 131.0 0.5 98.17737168785136 156.19000244140625
9043 12703 166.5 0.5 -47.94613314542329 145.5 1.75 -23.327652573160165 87.11009979248047
8727 3703 35.0 0.5 -183.6528677814602 129.5 0.5 -194.7278494028358 132.8699951171875
8612 1901 124.5 0.5 -265.0163299947791 145.0 0.75 -326.2361323734707 146.5659942626953
9044 6104 129.0 0.5 -11.77002585722348 179.0 15.999999999999998 21.18743494588076 59.15879821777344
8482 1901 20.0 0.75 -16.22041944761567 93.5 89.75 15.180457482629125 118.46499633789062
8443 6101 45.5 2.25 38.222793785234856 63.5 9.25 27.784550614932556 60.93989944458008
8454 12705 50.5 15.25 -33.51534168622841 1.0 3.750000000000006 -39.90390734763303 88.74739837646484
8256 12705 139.5 0.5 74.52044403796936 158.5 0.75 101.29167331053567 156.19000244140625
8948 1901 158.5 2.5 68.56743875034601 24.0 2.25 58.12455456617967 20.30109977722168
8158 3701 116.5 0.5 37.43969221012412 108.0 1.75 32.283050313561226 109.99199676513672
7992 12702 57.0 0.5 29.136854645944968 26.5 8.5 -0.27757775459340195 19.058700561523438
7992 3701 162.0 1.5 -1.9009293224727202 151.5 8.0 0.0 157.322998046875
7992 12705 18.0 0.5 -38.78712489321896 44.5 0.5 1.9822802543640137 18.096599578857422
8611 1902 43.0 4.25 9.125797642906548 46.0 5.5 12.15767007635003 46.183101654052734
7991 3704 164.5 2.75 20.269727703438605 162.0 3.0 15.842524993528883 162.41299438476562
7990 3701 99.5 2.5 20.114572566682455 97.5 8.25 18.410164291003284 91.21389770507812
8625 6103 15.5 1.0 52.01264146879578 53.5 32.25 18.565238362350044 177.5330047607422
8626 12701 2.5 0.5 51.15652887548269 129.0 2.0 33.8605703904493 107.89700317382812
7990 12705 125.5 0.5 0.9387933700238875 1.0 1.500000000000008 -8.733982151288068 108.99299621582031
9196 1901 125.5 5.25 27.74926501446771 110.5 4.25 10.907768885988787 109.4729995727539
8611 6101 2.5 2.25 7.872070681454915 57.5 6.5 14.888531241991785 56.950599670410156
9196 12702 168.5 0.5 7.700206504663193 18.0 0.5 -7.902802559135921 2.0418100357055664
8655 9101 84.5 0.5 153.5916236455066 164.5 40.5 8.926972544238271 45.60940170288086
8153 9101 98.0 0.5 -24.757431068739983 87.0 14.0 -2.22788016342877 86.0457992553711
8153 6104 74.5 0.5 -47.69889454451292 40.5 5.5 0.48246474027770603 56.29750061035156
8077 3701 86.0 3.0 12.608489391126952 85.5 3.25 6.097033056041008 64.6239013671875
8153 12703 145.5 0.5 12.92249509040236 85.0 0.5 3.0310708975407836 154.03399658203125
8077 1901 73.5 0.5 38.871753099400806 44.0 89.75 13.186221182346344 71.80860137939453
8077 6101 102.0 1.75 18.122237399156234 126.5 31.75 0.7828584870496469 60.27510070800781
8077 1902 81.5 0.5 22.699358411563896 129.0 4.0 12.42986845353916 129.24200439453125
8154 6103 109.5 0.5 20.77757512904728 133.5 12.75 9.67829981813842 119.83799743652344
8154 3704 89.5 1.25 -16.548233002965443 99.0 3.25 -8.410664570644553 100.86499786376953
8081 12701 134.5 0.5 -0.07875663302220559 85.0 3.75 0.0 53.2317008972168
9194 3704 161.5 0.5 17.677734906172745 126.0 36.5 3.129736738110087 67.96399688720703
9194 1902 36.0 0.5 8.935438024182474 40.0 14.0 -2.418567676432822 34.707000732421875
9193 1902 61.5 0.5 26.07956028953202 63.5 4.75 26.51283397363592 57.36109924316406
8082 1901 151.5 17.75 6.444395430102689 75.0 89.75 3.7378669008689482 163.0229949951172
8081 3702 155.0 0.5 19.5086895822241 141.5 8.25 3.3081196607822037 176.6439971923828
8083 3701 35.5 0.5 3.7779854231159042 33.5 89.75 2.652111404280238 122.0999984741211
8083 1902 127.0 0.5 10.531093508146192 114.5 89.75 14.259621123615414 102.89399719238281
8084 6104 9.5 0.5 47.98305764297845 20.5 5.0 17.425613403320312 14.451800346374512
8155 1901 132.0 0.5 32.557899983939606 91.5 23.0 6.203155204749521 85.95120239257812
8084 1902 52.0 20.5 5.8365765433642105 132.5 21.5 0.0 137.25999450683594
8135 6102 91.5 0.5 -14.237620439400992 46.0 3.5 1.0474376678466797 33.42729949951172
8137 1902 159.0 9.25 0.0 0.5 7.9999999999999964 9.87688010675555 177.11900329589844
8137 6103 95.0 0.5 0.0 5.5 4.500000000000001 25.41106835701668 3.764470100402832
8137 3701 11.0 1.0 16.283911707044552 1.0 3.500000000000005 13.48370183450265 178.21400451660156
8140 3702 144.5 6.0 9.398305734319152 111.5 7.5 12.076691249375191 108.31999969482422
8713 3703 53.5 0.5 -3.5366490260443957 106.0 89.75 1.1027543643905635 101.6969985961914
8143 1902 52.5 0.5 37.37976954613451 50.0 89.5 9.939137913267725 52.857200622558594
8141 3704 33.0 0.5 9.551522353795974 50.0 7.0 8.968061523335694 49.65549850463867
8143 6103 92.0 0.5 -17.169624822226154 134.5 3.5 3.1830441570437245 108.83100128173828
8143 3703 41.5 0.5 7.529740856748788 127.0 12.5 0.3083402242431177 133.46800231933594
8143 6104 26.0 0.75 11.677035855469242 25.5 5.5 -0.13787530760205158 20.395599365234375
8243 3701 30.5 0.5 -37.209505539720325 6.0 13.750000000000004 8.21456548932764 17.962499618530273
10001 6103 43.0 0.5 34.97927139766135 74.5 3.75 11.646045684814453 32.074501037597656
8721 1901 164.5 0.5 68.40559696693028 101.5 18.25 23.47749210784564 127.27899932861328
8728 3701 156.0 3.0 -14.13345910904367 177.0 4.750000000000002 14.247966450760202 5.265379905700684
8158 12704 147.5 0.5 -175.58740165302805 161.5 4.0 4.296735763549805 13.01259994506836
8158 12703 45.5 0.5 43.72618367329143 102.0 3.5 12.855949288615896 109.9530029296875
9512 3702 137.0 0.5 26.046058815055716 126.5 3.5 10.098876401707237 129.39500427246094
9512 3701 20.0 0.5 -16.91671080531234 171.5 89.75 7.273888264971916 28.389400482177734
9512 1901 19.0 0.5 -32.46884619328603 124.0 5.75 -1.5759144028828267 120.6050033569336
9512 6102 171.0 3.25 5.916063830902061 0.5 3.7500000000000036 11.147087586787716 133.7550048828125
9512 12703 161.0 0.5 65.96813831177636 80.5 89.0 22.6561043684463 17.2007999420166
9512 12702 16.0 0.5 61.664489083042184 115.0 3.25 5.198950111865996 35.74359893798828
10001 9102 132.0 0.5 9.524048368276638 127.0 2.0 -12.965209958758422 115.74500274658203
9181 12701 16.0 0.5 14.74179388852253 160.5 0.5 0.0 86.49829864501953
9181 12704 1.5 0.5 23.736363040212204 101.0 89.75 7.25792867113076 5.4864301681518555
9183 6104 124.0 0.5 -27.675025323232283 101.5 7.0 -3.6434378250022057 117.12999725341797
9182 3703 178.5 3.7500000000000036 3.5889690782501162 169.0 5.5 -3.3339139561455298 169.4810028076172
8725 1902 4.5 0.5 -90.08320749704853 162.0 89.75 4.807977008602091 64.31649780273438
8725 6101 18.0 0.5 11.34187185061387 6.5 5.0 0.0 169.25
8725 3704 56.0 0.5 2.2351293992531325 57.5 16.75 0.0 6.230820178985596
8725 12703 82.0 0.5 121.57374770189693 156.0 41.5 3.9373872341551914 135.79600524902344
8548 3701 68.0 3.5 31.854222371298363 71.5 9.0 14.71471492478 78.1886978149414
8482 12704 155.5 0.5 63.88136040243754 60.5 14.75 46.95430326439762 87.28949737548828
8548 12705 173.5 0.5 35.28695383370187 155.5 4.75 1.537932563161906 143.64700317382812
8483 9101 140.0 4.5 15.378354806191535 92.5 2.75 9.0400992469213 86.94419860839844
9026 12701 13.0 0.5 30.87417698186414 8.5 1.75 20.103581088964376 8.462220191955566
8555 6104 158.5 0.5 -1.3052933858130302 39.5 16.75 4.7251925791707245 36.124900817871094
8612 6101 160.5 0.75 32.09548867288072 165.5 1.75 28.346770911857334 163.59100341796875
8078 1902 74.0 7.0 11.226752356388175 73.5 10.25 10.236879976309108 106.45999908447266
8156 9101 76.0 0.5 3.3001283063224385 178.5 7.499999999999999 2.65631765127182 111.61299896240234
8618 6102 34.0 8.75 10.367338321479608 72.0 7.25 2.5310610780077765 66.73030090332031
8618 12705 55.5 0.5 39.918533997323806 143.0 77.5 4.513605458219727 149.7469940185547
8618 6104 137.0 0.5 25.524757533820292 130.5 2.75 4.531689961751312 132.1179962158203
7815 6102 83.5 0.5 -27.98872649998779 79.0 2.25 4.400603306658418 175.1790008544922
7977 12702 15.0 0.5 -54.73461303710923 153.0 12.5 0.0 9.928770065307617
7977 3701 55.5 1.25 -13.730258862914887 55.5 7.0 -10.31926020273967 59.060001373291016
8977 3701 83.5 0.5 44.41925711140186 9.0 4.5 10.677770223380492 157.36900329589844
8717 6101 80.0 0.5 -1.0623574584986875 157.5 6.75 -4.3928680419921875 162.44900512695312
8717 12702 100.5 0.5 21.73637801317338 101.0 10.5 2.1192231701588007 43.641300201416016
9486 6103 66.5 0.5 0.3691630434155897 56.0 1.25 10.030878991873283 84.22889709472656
8549 9101 109.0 0.5 45.16726261796587 53.0 5.75 0.0 176.7830047607422
8549 3704 137.0 0.5 36.282896511592156 143.0 3.0 34.394487835115584 141.22000122070312
9029 9102 65.0 0.5 49.66287549499539 98.0 89.75 4.3573042466116725 130.19400024414062
8555 9101 30.5 0.5 38.60902281028403 91.5 5.75 29.036652888058484 79.91549682617188
8555 3701 11.0 3.75 3.026357933049429 25.5 3.25 -14.201827753609575 15.10990047454834
8555 3702 31.5 0.5 13.72413195206019 111.0 8.75 -1.281480609882328 0.7929990291595459
8978 3704 118.0 0.5 -18.67617235996716 110.5 5.0 -17.455185399406307 126.90699768066406
9869 3701 155.5 0.5 11.701406084594623 50.5 11.5 12.788410549773566 46.503700256347656
8613 3702 63.0 0.5 26.40398165125557 158.5 8.0 15.57741345129252 135.48300170898438
8606 3704 40.5 6.25 3.1170604770723997 80.0 37.5 1.4957936073852416 79.45390319824219
8247 3704 68.0 5.25 -0.2048632230281262 142.5 7.0 5.081532973609795 136.947998046875
8247 3703 22.5 0.5 16.95894301230284 8.5 3.25 16.44573352659924 6.033390045166016
8250 9102 83.0 0.75 6.30339008278483 51.5 3.25 -12.615404958436683 53.168399810791016
8149 1901 115.5 11.25 12.743604998674584 108.0 89.75 9.024021872500672 123.79399871826172
8149 3702 155.0 0.5 21.39287556492133 35.0 6.25 0.0 28.23579978942871
8938 1902 94.5 3.0 5.801009022934279 126.5 6.5 -0.31254589144467104 130.43299865722656
8938 9102 110.0 0.5 42.35046418144462 152.0 1.75 32.3070553312393 153.21099853515625
8948 3702 24.0 5.5 9.5049819329919 23.5 7.5 8.4955612513576 3.289180040359497
8999 3703 51.5 0.5 -27.108117326533723 138.5 21.25 11.613660987954148 141.51499938964844
8997 1902 177.0 0.5 9.170859282648244 168.5 4.25 17.76063567908514 164.0850067138672
8992 3701 40.0 1.75 14.828170948810453 88.5 4.25 4.016068991375459 76.12470245361328
8992 6102 100.5 7.5 26.20609553836595 133.5 2.25 5.037467398303981 133.13099670410156
8992 12705 144.0 0.5 -163.74822940688978 162.0 4.25 0.0 159.17300415039062
8997 3703 158.0 0.5 -3.6236370397252475 133.5 9.25 -11.968428685800653 153.8509979248047
8992 3704 179.5 0.5 11.248912416985519 179.0 8.75 1.8818484088944025 169.71499633789062
8991 1902 143.0 0.5 -24.45128220533995 163.5 4.75 9.208419817272077 158.57699584960938
8936 3704 126.0 0.5 11.28829252373582 49.0 89.75 13.171188813559347 74.34290313720703
9184 3701 14.5 0.5 15.293455671790383 17.5 4.0 12.016845092777196 12.83810043334961
9184 1902 33.5 0.5 269.92081773295524 139.5 14.5 2.533570302682463 140.8820037841797
8249 6103 3.5 7.25 19.35063573372357 10.5 24.000000000000007 13.37421126889405 62.503700256347656
8941 9101 99.0 0.5 -2.3967420880796837 107.5 13.25 0.33776708696539126 113.36699676513672
8940 3702 153.5 0.5 -54.84929985905833 58.0 4.75 5.476833391502254 60.59619903564453
8461 1902 107.0 10.25 8.989902009700936 84.0 14.75 10.889322474950191 85.4447021484375
8461 6104 20.5 0.5 -0.6985426780881561 170.0 9.5 4.7605471524063 6.103030204772949
8456 1902 32.5 13.0 18.641870721720647 119.0 6.75 18.085226307703593 118.56800079345703
8456 6103 171.0 0.5 0.0 121.5 6.75 27.018146109607564 107.82499694824219
8454 9101 71.5 0.5 4.086049598202976 67.5 3.0 -4.494921715970406 69.69560241699219
8453 3703 48.0 1.0 3.7988566532057675 72.5 89.75 0.5528344964883014 149.0070037841797
8993 3703 43.5 0.5 28.639863854827087 45.5 3.0 22.517493429886215 63.90879821777344
8999 9101 55.5 0.5 -2.6917874882780612 178.0 10.000000000000004 4.8452045641506665 3.3805201053619385
8946 1901 42.0 6.75 9.885202207703514 97.5 5.5 13.129457297354172 103.58300018310547
8613 3701 129.5 1.0 22.617565547706562 68.0 31.0 6.059206890033487 156.9810028076172
8613 6102 84.0 0.5 4.855328749012983 16.5 24.250000000000004 0.0 56.76620101928711
9185 1901 129.5 2.25 13.713177903776307 25.0 89.75 -8.264480743008725 151.7209930419922
7958 3703 104.5 2.5 11.235398509038646 101.0 3.0 5.4314265883297 106.53600311279297
7960 1902 94.5 0.5 153.93622152785224 133.5 13.5 22.955298825727986 169.0959930419922
7960 3701 138.0 0.75 20.427279248750622 142.5 6.0 5.513702392578125 136.1060028076172
7960 6104 15.5 0.5 29.780066931026436 76.0 10.25 9.296246587358025 171.45799255371094
7962 3704 23.5 0.5 26.404619636895063 4.0 6.000000000000001 12.775773014188644 9.578949928283691
7962 1902 16.0 1.25 -56.46891466503418 123.5 9.0 9.113738742352346 126.07099914550781
9085 3701 89.0 0.5 2.6054195711331047 72.5 6.5 15.159369040477884 74.95890045166016
9085 6104 13.5 0.5 9.471181493801094 163.5 4.75 -3.5883136289283755 160.93699645996094
7962 9102 114.5 0.5 96.03349522240086 93.0 36.75 17.743856534129883 76.38870239257812
8623 3702 93.5 0.5 4.239522633772182 53.0 10.0 7.646592293089583 50.74259948730469
8623 6102 100.5 0.5 14.497580249428744 155.5 18.5 10.816392489753287 131.2239990234375
7964 3702 128.0 0.75 62.18174866865636 64.0 5.5 3.9540042122308408 80.404296875
7964 1902 51.0 80.0 -4.0137890164623204 82.0 89.75 3.773993837563312 141.36000061035156
7968 9102 17.5 0.5 25.092725757359034 62.0 7.0 7.895330309867859 84.8281021118164
8616 6101 162.0 0.5 56.25993516184968 166.5 3.25 18.82176589560075 165.86199951171875
8616 1902 171.0 4.5 7.206707139182289 139.0 3.75 6.080743704973642 135.8820037841797
8616 12701 149.5 0.5 24.072989289696977 172.0 0.5 9.939774915575981 155.07000732421875
7968 3703 80.0 0.5 0.0 74.5 3.0 30.426969835190164 75.50199890136719
9000 12701 19.5 0.5 45.7163607126613 21.5 1.5 4.741193724731585 13.809499740600586
9000 3702 150.5 0.5 -9.504409363646491 117.0 89.75 15.147631018527774 160.4340057373047
9000 6104 122.5 0.5 -79.63413646377586 25.0 10.5 -2.227106730143234 24.553600311279297
8995 3703 129.0 0.5 -22.44303194647175 115.5 6.25 -10.111459061956282 161.61500549316406
8995 12703 74.5 0.5 50.693091134736676 117.5 16.0 13.4842917058755 137.19700622558594
8309 6102 78.5 35.5 -100.99736700857108 29.0 14.5 1.278028457630251 178.76800537109375
8309 12704 170.0 0.5 99.97361655909225 167.0 23.750000000000007 28.262632582106548 163.20700073242188
9864 3702 103.5 0.5 44.85521231439082 107.0 89.75 20.582687672889666 74.21109771728516
9864 1902 147.0 0.5 21.765484407874816 112.5 26.0 11.437200172852446 125.48999786376953
8591 1902 18.0 0.5 7.996675137598814 148.0 6.25 6.2503158944386925 148.31300354003906
9864 12705 135.5 0.5 55.60200901330535 160.0 3.0 -9.466279607714029 167.39999389648438
9865 9101 140.0 0.5 41.228454275757684 28.5 42.5 17.212953135880724 159.0970001220703
8597 3704 137.5 2.5 71.62744949253278 67.0 11.25 14.3036878919484 46.858001708984375
8597 3703 3.0 3.000000000000002 15.75074880379259 43.0 3.25 0.6340844984250111 38.89630126953125
9034 6103 39.5 0.5 24.418803840446884 53.0 3.5 13.310728128325607 57.30839920043945
9870 1902 1.5 0.5 -11.345209470217672 62.5 12.0 2.035478199574534 67.31529998779297
9037 1901 171.0 36.5 -3.6130366776165923 50.0 27.5 1.0517033419761488 96.06449890136719
8146 3701 35.5 0.5 20.640843449550715 50.0 4.75 18.616784439116174 45.605499267578125
8938 1901 50.0 0.5 40.560741710428445 12.0 6.0 0.8380639589446908 8.881199836730957
9184 9101 71.0 0.5 163.6270343197104 139.5 5.0 59.77776159364589 171.21099853515625
8592 1901 25.0 0.5 30.07589545176097 35.5 4.75 7.845733137289365 30.528900146484375
8592 12703 79.0 0.5 37.8612124364282 143.0 89.75 4.023233539783038 152.45899963378906
8486 3702 86.5 0.5 -27.01417237303296 135.0 19.5 -0.1012258529663086 129.41600036621094
9031 3704 163.5 2.75 22.36416481064728 60.0 6.75 22.38721229102069 65.68479919433594
9036 3703 173.5 0.5 24.259348191983833 69.0 5.75 24.830303479149592 65.68479919433594
8550 1902 3.5 0.5 24.828033729665364 159.0 5.75 7.155956602628589 158.47000122070312
8312 9102 154.5 0.5 25.22668761124058 178.5 5.0 16.10759152359509 175.50599670410156
8604 6104 36.5 0.5 -10.217105330334238 85.5 8.0 16.08346354788577 87.0238037109375
8312 1901 72.0 23.5 -3.050968613581528 129.0 21.5 0.20124053955078125 124.0469970703125
8604 6102 14.0 0.5 7.880635981133139 151.5 75.25 14.35993723887371 73.56780242919922
9883 6101 133.5 0.5 -26.065410435976588 58.0 3.0 33.09279298658291 34.098899841308594
8440 3701 143.5 1.0 -5.412335046113782 134.5 8.25 5.930236921698604 135.41299438476562
8440 9101 170.0 0.5 9.872111867115024 158.0 2.5 -0.6206377685328022 173.53900146484375
8440 12702 21.5 0.5 -95.18137900316778 41.5 8.75 0.0 64.50050354003906
8247 6101 11.0 1.75 -5.518700654497029 21.5 28.0 1.8169274634048227 52.95610046386719
8247 9102 165.0 0.5 66.66953224998669 165.0 5.0 0.0 129.4199981689453
8247 6103 72.0 0.5 29.57353583302043 62.0 2.0 1.2563206834438319 59.39910125732422
8250 1902 28.5 4.25 0.0 102.5 4.75 21.508101297185213 107.85399627685547
8458 9101 148.0 0.5 174.56068659115158 166.0 57.5 15.917116994096997 9.279500007629395
8726 6101 164.5 0.5 -85.51172528293554 109.0 6.75 0.18705050150553149 71.84030151367188
8149 12705 40.5 0.5 -29.917451115615407 11.5 4.0 17.239151115333268 103.68599700927734
8942 3701 62.5 0.5 -26.754891376408324 79.0 2.25 9.617126555294135 78.77069854736328
8941 3704 31.5 0.75 11.099760235519923 81.0 10.25 9.609955419987969 91.28880310058594
9510 6104 111.5 0.5 -34.74308087488334 68.0 12.5 -11.065721044406555 142.93099975585938
9509 3701 108.5 0.5 -16.35184571486174 147.0 12.5 12.868324793160122 149.85299682617188
9509 1902 89.5 2.25 -8.076818466186523 103.0 11.5 -3.2561127728728465 113.02899932861328
8942 6101 34.5 2.0 -29.403624988946447 166.0 18.25 0.0 159.87100219726562
9510 3701 93.0 0.5 -10.268910884101917 54.5 10.0 -6.377176653175962 49.87419891357422
8319 3702 34.0 0.5 -14.912045028915259 157.0 4.75 4.685582527755228 32.7859001159668
8319 6104 85.5 0.5 12.222420315981134 77.5 19.5 9.133417694901347 131.69200134277344
8325 6101 112.5 0.5 14.700923117874694 79.5 40.5 2.6048310771562093 41.07740020751953
8325 1901 173.5 0.5 17.618160375630346 172.5 9.249999999999998 12.487216660965174 161.40899658203125
8325 1902 87.5 0.5 11.107604245521369 124.0 10.25 6.462413968450505 124.66000366210938
8329 1902 11.0 2.0 7.626392979009459 132.0 89.75 12.839536186724967 115.58899688720703
8326 3701 62.5 2.75 30.459350713426204 77.5 5.25 16.49059558777887 93.643798828125
8329 1901 65.0 3.0 28.360547034510887 81.0 6.5 14.646099539285665 93.643798828125
8980 3701 136.5 0.75 6.677056050136802 179.5 89.75 10.880564207639612 28.16830062866211
8980 1902 16.0 0.75 25.34657691295454 0.0 6.250000000000008 17.31681638211012 3.204930067062378
8980 12703 55.5 0.5 -4.763253313336211 154.0 24.5 -2.264824063061201 135.39700317382812
9871 9102 84.0 0.5 -22.1627108574993 4.5 2.0 31.675804138183594 9.344189643859863
8591 3702 110.0 0.5 39.820072551728146 161.0 8.0 0.0 151.56500244140625
8591 6101 52.0 1.0 82.54840669646825 154.0 5.75 15.839714050292969 146.40499877929688
8591 3701 26.5 0.5 19.181714402090222 23.5 13.25 23.426403114361367 21.458599090576172
8547 9101 49.5 0.5 57.32382841190025 10.5 41.0 31.02144669279718 167.11099243164062
8595 1901 85.0 0.5 -3.142147948699739 149.0 21.75 1.991522982699312 146.48800659179688
8592 3701 40.5 0.5 0.0 41.0 2.5 37.17214112899315 39.97060012817383
9865 12703 71.0 0.5 53.28805912597785 43.0 7.25 0.0 94.36470031738281
8551 3703 94.0 0.5 56.50872878028134 108.0 19.5 27.38982832929253 119.43699645996094
9037 6103 29.0 0.5 16.546932655841374 40.0 8.25 18.035070575988392 51.595401763916016
9037 1902 129.5 12.75 -2.086380294111302 132.0 14.0 0.0 133.50999450683594
9035 1901 169.0 0.5 3.026666186646686 154.5 12.5 2.940496183446321 153.71499633789062
8551 3704 40.5 1.0 2.0830947529353665 43.0 9.25 2.7698917388916016 78.15280151367188
9036 1902 2.0 0.5 1.325598011030607 146.0 12.75 -0.05057470520862495 145.21400451660156
8335 9101 138.5 0.5 -24.13401473016657 21.5 22.75 22.502939919742136 134.55599975585938
8454 6102 31.5 0.5 -75.08903701831136 100.5 5.0 1.6687769152504615 113.62899780273438
8454 1902 25.5 0.75 -0.5946653454751143 1.5 18.500000000000007 8.733019944419691 122.15599822998047
8455 12703 118.0 0.5 1.706306817057607 111.5 10.0 6.683406269801206 9.404080390930176
8253 1902 110.0 8.5 0.0 160.5 17.75 7.288753686684657 159.2740020751953
8258 6102 69.5 0.5 -32.167030390614485 67.0 3.25 -5.432127746615045 68.82929992675781
8257 3701 171.0 2.25 18.020731606654948 0.0 11.0 17.425276815891266 175.75399780273438
8274 1902 105.5 1.25 13.948910579173472 50.0 89.75 2.716405319445256 103.06600189208984
8451 1902 102.0 0.5 0.0 169.5 89.75 0.0 103.06600189208984
8451 6104 60.5 0.5 1.1207177387987315 117.0 26.0 3.296501018767315 177.90199279785156
8466 6102 136.0 0.5 85.96832330908028 176.0 5.5 14.366399648205046 179.71099853515625
8261 9101 58.0 0.5 74.97267009112414 128.0 4.5 21.795258901292442 134.17599487304688
8464 1901 68.0 0.5 7.26099274166603 60.0 89.75 -2.316201447464646 151.96499633789062
8464 1902 6.5 9.250000000000002 7.021035465503619 159.5 17.75 1.9918536219951346 135.37399291992188
8317 12701 170.5 0.5 1.6855311857668767 124.5 1.0 0.0 100.49800109863281
8318 12701 32.5 0.5 84.9298593513573 163.0 3.0 -3.07364237514329 159.8489990234375
8447 6102 81.5 0.5 47.248272712899784 96.0 5.0 -7.611915157751827 136.86500549316406
9039 1902 15.0 6.0 14.979893575726411 168.5 2.5 20.547089655130478 165.49099731445312
9041 12705 175.5 0.5 13.106766805989537 73.0 0.5 173.32144124167309 45.239200592041016
9028 3702 37.5 0.5 21.394099575354318 21.0 5.75 16.42272822609104 16.95829963684082
9028 1901 34.0 0.5 51.46335597455516 43.5 10.75 15.075145404251018 41.00510025024414
8568 1902 105.5 0.5 -1.068155902828039 100.5 7.25 1.5263115620506227 99.18669891357422
8568 1901 34.0 4.5 16.66476697000676 144.0 5.0 19.871137078312387 150.72500610351562
8253 1901 165.0 89.75 -2.383934842184865 58.0 89.75 -3.155085587117277 88.6675033569336
8253 9101 160.0 0.75 36.39228259395172 152.5 3.75 0.11957107024166103 155.7480010986328
8254 3701 147.5 0.5 38.50977841743626 126.5 5.0 21.000589150474198 130.7480010986328
8254 3703 165.5 0.5 45.75990572753797 67.0 9.25 -3.4100277297951465 66.19190216064453
8466 1901 151.0 82.0 0.314393131525465 60.5 8.75 8.723595679752975 60.27109909057617
8946 3703 148.5 4.5 19.046411939806312 12.5 6.75 9.594691873126159 156.97500610351562
8946 9102 145.0 0.5 0.0 12.0 7.25 19.300428196913842 155.98699951171875
8945 6102 92.5 0.5 25.923670180104978 99.5 1.5 5.547181276849017 100.2239990234375
8259 1901 133.0 0.75 19.17289168334181 41.0 19.0 4.6361268201511585 58.08769989013672
8261 12701 139.5 0.5 -61.59325925157588 6.0 2.0 6.356669322737115 148.02499389648438
8262 6102 16.0 0.5 6.515633794309991 26.5 4.5 3.3570560744578275 22.170400619506836
8317 12702 155.0 0.5 55.20869527090405 22.0 3.75 0.0 35.1505012512207
8318 1901 123.0 1.5 39.37579658422621 116.0 6.5 15.860171702448575 117.08599853515625
8465 1902 60.5 14.0 6.871313891177041 62.5 17.0 1.8341612465347445 77.9136962890625
9049 1902 79.5 0.5 10.068562472431719 101.5 8.5 4.544678168439681 128.4550018310547
9047 6102 46.0 0.5 48.37903522869446 148.0 12.75 16.26130870296251 65.6458969116211
9047 1901 52.5 6.75 -2.0110949671176144 82.0 8.25 -4.774478953514048 98.10299682617188
9047 1902 165.5 0.5 0.0 51.0 8.0 5.372894259698395 31.57379913330078
9048 3703 128.5 0.5 27.530396149912562 124.0 1.5 40.712238111538596 127.88300323486328
9048 1901 59.5 15.0 9.954294979473964 92.0 13.0 4.738670364849455 112.7750015258789
9047 12701 34.5 0.5 28.40800590794626 109.0 17.0 20.983565950099717 75.19999694824219
9492 3702 132.5 0.5 17.6945584180843 60.5 4.0 23.222497986108507 68.47049713134766
9497 12705 50.0 0.5 37.791530231995324 153.0 0.5 64.2541856801027 123.28199768066406
9509 6102 22.5 0.5 -20.740972335352534 58.0 13.5 7.56345039338135 66.81919860839844
9507 9101 63.0 0.5 66.98502268590835 97.0 2.5 23.920872688293457 105.11199951171875
8158 3702 161.0 0.5 -512.3475722166278 93.0 0.5 -379.3252868652344 162.4929962158203
9002 12703 11.0 0.5 -71.32144462171959 174.5 0.5 6.380241394042969 107.4749984741211
9045 6103 12.0 0.5 5.080004249623499 76.5 6.75 8.745379244359151 80.1249008178711
9888 3703 148.5 0.5 50.49958412185416 156.5 27.000000000000007 20.28922664653971 3.336980104446411
9042 12705 69.5 0.5 -141.34642510058654 30.5 0.5 10.301904951547085 51.00120162963867
9888 6101 55.5 0.5 -45.475807357588465 30.0 5.5 13.916771650314331 56.21369934082031
9888 1902 153.0 4.0 0.0 171.0 14.0 9.094329609171108 144.17799377441406
9050 3701 64.0 0.5 -15.572868839239106 60.5 3.5 2.8953295632446334 64.9126968383789
9048 6101 56.0 0.5 1.2760796117886386 45.0 21.25 -1.9739185869693747 62.90999984741211
8326 9101 80.0 0.5 51.577106647288446 87.5 89.75 0.0 94.7572021484375
9868 3704 53.5 1.5 56.90728921789962 138.0 89.75 5.151841791696864 121.41500091552734
8552 1902 40.5 12.25 -0.2701394609489043 43.5 7.25 -3.720439910888672 33.85260009765625
8552 9102 92.5 0.5 20.559754534022467 99.5 5.25 7.3328276342041825 134.07000732421875
7443 6104 102.0 1.25 9.154070335156064 107.0 2.5 -6.570327976441547 113.23400115966797
8131 12705 10.0 0.5 22.604806936372928 11.0 74.25 11.363502547027444 93.07080078125
8135 6104 160.0 0.5 0.0 111.5 4.5 12.606550299365002 115.42900085449219
8566 6101 47.5 0.5 13.208644971003167 169.5 8.0 0.0 31.52899932861328
8131 1901 123.0 0.5 32.921333224418674 108.0 3.5 10.494480221118272 139.98500061035156
8566 3702 15.5 1.0 5.010943224719554 26.0 12.25 4.54223517304264 157.34300231933594
8134 3704 122.0 0.5 1.0664228607252628 179.0 15.249999999999996 0.21517141004661156 168.34100341796875
8134 6101 123.0 0.5 4.839234942336981 116.5 24.75 -2.0841855809448884 118.39900207519531
8720 3703 143.5 1.75 36.09418309190721 178.0 17.750000000000007 8.95456699500444 152.79600524902344
9002 3701 93.0 0.5 -10.327349347865109 147.0 4.25 3.565638552880827 151.88299560546875
9002 9101 97.0 0.5 54.273192890376876 73.5 6.5 15.135601043701172 72.77880096435547
9891 3704 152.0 0.5 40.6276554006173 35.5 2.0 32.00623907685508 30.84670066833496
9891 3703 92.5 0.5 85.96202598532693 135.0 9.5 42.29516696929931 9.251680374145508
9043 3702 138.0 0.75 30.317462261129634 169.0 10.25 -0.9917786922208549 72.93009948730469
9043 12702 167.0 0.5 7.632281958640469 28.0 6.75 14.76777982711792 14.609999656677246
8132 1901 21.0 0.5 28.017642459979015 13.5 4.5 13.5577392578125 139.32899475097656
8133 12704 114.0 0.5 -93.73106102075101 31.5 0.5 -46.84630018774584 91.69419860839844
8715 3701 118.5 0.5 70.78478428333264 43.0 2.5 50.57005742656173 15.375
8715 12703 82.0 0.5 9.775464631096526 108.5 45.00000000000001 11.243298857499763 94.0780029296875
8715 3703 55.5 1.25 -11.01482712001413 80.5 4.5 -3.1241490353453223 83.24620056152344
8716 9101 46.5 0.5 66.40680945682632 153.5 2.25 65.93981406362573 145.46800231933594
8711 1901 128.0 0.5 2.307315369741067 71.0 89.75 6.409175326285977 105.9209976196289
8711 3703 77.0 0.5 0.793343702634884 31.0 21.75 1.6081579416581406 39.10639953613281
8716 6104 88.5 0.5 30.215476424402283 147.0 89.75 5.869586666041804 15.799200057983398
8712 9102 104.0 0.5 17.551073482746347 131.0 10.75 6.6335546705457915 149.92799377441406
8712 3704 172.0 0.5 -8.567283875199497 53.0 4.0 7.437514147639192 53.9630012512207
8712 1901 112.0 4.0 10.881445539093079 118.0 5.0 16.51064611889318 96.95480346679688
9491 6102 85.5 0.5 -17.750519306362705 67.5 16.5 0.0 70.19129943847656
9491 3704 35.5 1.75 -31.921962124161773 12.5 2.25 -4.904091468155386 8.228150367736816
9490 3703 43.0 0.5 -23.336642654628264 98.5 7.75 9.976328132504364 121.76599884033203
9490 1901 147.5 0.5 20.062923841517893 98.0 7.75 -1.4737785654992006 101.63800048828125
9488 3702 8.5 0.5 -3.2701774455059933 7.5 5.0 3.395281497380793 6.031630039215088
8939 6104 137.0 0.5 -33.18228550323068 79.5 1.0 24.372464700072207 90.06890106201172
9507 3701 43.5 0.5 1.8625121657572663 53.0 2.25 7.559796757240463 49.28779983520508
9502 1902 132.5 0.5 26.088750537088828 48.0 45.5 14.744847700301499 29.94930076599121
9502 3704 67.0 5.0 6.493667660752372 74.0 14.5 -3.9915928738319693 56.73820114135742
9500 3704 135.5 22.25 -4.23617699622131 63.0 0.75 3.2156008687609017 68.86489868164062
8150 1901 172.5 0.5 -36.36563554236342 173.0 54.00000000000001 0.0 164.8820037841797
8568 3701 10.0 0.5 21.11771751980786 41.5 4.75 10.519766146673055 39.37670135498047
8568 12701 75.0 0.5 -73.58884590311085 120.5 13.0 -2.540159095323027 120.83200073242188
8943 3703 131.5 0.5 20.398751360790307 164.5 4.0 0.0 163.5679931640625
8943 9102 103.0 0.5 -22.252360103706863 103.0 3.25 22.707096596341046 99.8134994506836
8445 12702 47.5 0.5 10.420807446916427 49.5 1.5 16.71205056815313 50.91239929199219
8445 3702 159.0 1.5 20.66587219832003 166.5 3.25 7.504795374020752 159.80999755859375
8330 12705 173.5 0.5 72.88565862743789 24.0 10.75 14.148526921868324 131.24400329589844
8330 1901 171.0 0.5 0.0 46.0 5.5 8.534398557613514 45.449100494384766
8935 12701 47.0 0.5 62.665709710926464 102.0 37.25 0.0 120.30599975585938
8323 9101 137.5 0.5 47.924234085722574 78.5 5.75 5.92510317008515 172.80799865722656
8323 6103 136.0 3.25 -47.137872569907884 119.0 3.0 -25.952530139285912 122.82099914550781
8445 6102 177.0 0.5 4.852430735415112 105.0 6.0 0.0 20.985000610351562
9494 1902 179.5 23.25 16.390300003259306 29.5 9.5 1.7551399841409818 23.86359977722168
9505 3701 24.5 0.5 -7.834332281146542 51.0 16.75 -1.0686402397068422 38.256099700927734
8554 6102 42.5 0.5 128.81034843262668 73.0 7.0 23.475946124731564 50.109798431396484
8442 6104 98.5 0.5 48.12131583074644 17.0 22.000000000000007 0.945094412198273 12.353400230407715
8446 1902 68.0 5.25 14.42813533807346 58.5 7.5 10.671588148458126 53.616798400878906
8554 1902 133.0 7.75 7.888562684430518 110.0 8.5 5.100120563346502 117.27999877929688
8554 1901 56.0 0.5 0.0 42.0 6.75 7.175207090753735 37.60580062866211
8554 9102 108.0 0.5 -55.91715761182822 127.0 0.5 0.0 172.7469940185547
8985 1902 144.0 9.75 5.696933148853912 141.5 6.0 10.313880161223821 144.50900268554688
9863 3701 154.0 0.75 18.841866443320328 144.5 15.75 -8.183112578047378 170.31500244140625
8950 3701 74.5 0.5 16.80818638887773 25.0 17.5 -6.673717498779297 172.87100219726562
8933 9102 96.0 0.5 -75.96610358568951 92.0 89.75 2.226037198315018 96.59709930419922
8933 6101 70.5 0.5 -38.32901049193582 57.0 6.5 17.40654511171203 62.85449981689453
8932 12703 43.0 0.5 -7.80593610990103 57.0 4.0 13.053735425142257 59.1786994934082
9876 1902 22.5 2.0 -7.838908643503711 33.5 18.25 9.588049570719399 33.192501068115234
8949 6101 48.0 0.5 -28.59601482378416 170.0 0.5 2.113861083984375 161.4739990234375
8931 3704 85.5 0.5 0.0 31.5 89.75 -2.036038016319163 40.11520004272461
8949 6104 133.0 0.5 12.990965197831493 29.0 17.0 -14.497808456420898 37.6952018737793
9876 1901 132.0 0.5 -3.1982440756555253 152.0 33.25 0.0 107.66400146484375
8949 12704 81.5 0.5 56.203486053621816 172.0 24.749999999999996 0.0 163.27499389648438
8934 1901 75.5 0.5 -83.38026700203866 110.5 8.5 -8.216741633138895 109.14299774169922
9863 1902 175.5 0.5 -21.743141310549003 104.5 89.75 10.657276125567982 130.5
9863 6104 42.5 0.5 4.65546414709063 38.5 7.25 15.155135014082717 47.52980041503906
8935 1901 37.5 0.5 14.838667003652375 64.5 89.75 -5.656289389602567 83.59089660644531
8933 12703 31.5 0.5 57.58604358485886 125.0 10.5 0.0 123.73500061035156
8935 1902 102.5 0.5 51.91951577214719 3.0 6.2500000000000036 22.656950134183962 174.3209991455078
8983 1901 94.5 0.5 17.194916428929634 97.0 89.75 5.518083027663276 76.37129974365234
8982 3704 179.0 5.500000000000006 31.477717491310173 168.0 9.5 14.133115536560666 119.7509994506836
8952 9101 27.0 0.5 8.51695340109157 24.5 3.5 8.31913389945852 22.677400588989258
9881 6104 36.0 0.5 60.203162716058884 55.0 4.0 10.299118331351195 86.57060241699219
9881 1901 113.0 9.75 -1.9174908048695087 109.0 9.0 -1.9309529198977256 112.66000366210938
7495 3704 79.5 0.5 0.0 3.5 4.499999999999998 24.546052840874523 71.0186996459961
8241 6104 162.0 0.5 -50.186783397816384 100.5 5.75 0.3768644332885742 80.7833023071289
8448 12701 104.5 0.5 -15.820262502595895 165.0 0.75 3.491065621401643 107.54100036621094
8448 1902 14.0 0.5 42.46884701561012 107.0 8.25 17.04166390065061 111.75900268554688
8449 1902 111.5 6.25 5.414881518747052 117.0 29.5 7.047516660538287 114.61100006103516
8449 3702 72.0 0.5 -56.745029313904524 109.0 3.0 6.456256117585367 79.80059814453125
8450 6104 93.5 3.75 13.104922824029082 102.0 5.75 7.120392370002445 117.94100189208984
8311 6103 131.0 0.5 49.06653215685673 167.5 6.0 10.005354460592464 164.2480010986328
8311 1901 20.0 1.0 23.153798917642707 23.5 8.5 10.367927368173639 26.225000381469727
9881 9101 155.5 0.5 58.19080001098391 73.5 4.25 9.217635485132725 95.12560272216797
9881 1902 147.0 4.0 4.790577030332571 81.5 23.5 9.67632441240148 101.85600280761719
8320 1901 40.0 1.25 19.792678737484678 154.0 20.75 10.214188454055208 149.6699981689453
8483 3703 108.0 2.5 -5.238159189224362 85.0 5.25 4.17772958624062 89.80480194091797
8483 12703 77.5 0.5 -5.350404080352163 74.5 5.75 -12.355163161343501 151.1269989013672
8458 6104 76.0 0.75 4.291902885845232 61.5 14.25 0.0 66.14649963378906
7958 9102 49.5 0.5 21.752089145295884 17.5 4.0 0.0 21.632200241088867
7958 3704 122.5 0.5 14.795557239366424 159.5 11.0 -1.7043237211939513 149.5330047607422
9185 9102 25.0 0.5 -23.2534373730811 96.5 0.5 -57.09618043899536 16.588199615478516
9194 6102 37.5 0.5 42.354527539663344 176.0 6.500000000000004 20.30238059096667 159.3179931640625
8132 6103 177.0 0.5 207.40722018616566 118.0 0.5 3.688841604249607 174.10499572753906
8131 12702 173.5 0.5 27.802059138623854 55.5 0.5 0.22401850414902924 41.279998779296875
8153 6103 39.0 0.5 0.0 105.5 2.75 1.3734037986914842 101.90599822998047
9181 3704 123.0 0.5 -10.077906078218106 78.5 23.5 -4.407502907973068 121.63899993896484
8717 6104 94.0 0.5 -119.52754920770138 86.0 31.25 15.524787119133673 101.10600280761719
7975 3704 118.5 2.5 11.232652360800992 16.5 89.75 1.4086051464692995 126.24099731445312
8937 12702 172.0 0.5 16.469432727273738 14.0 1.75 7.35936150427286 19.413400650024414
8939 9101 94.5 0.5 31.184810711209725 10.0 3.25 3.8117096287095897 20.538700103759766
9488 6104 10.0 0.5 -31.285415122954944 158.0 12.25 7.1810951697480805 154.35699462890625
8461 12701 101.0 0.5 83.43270838029832 102.0 1.25 0.0 118.20899963378906
8330 6103 19.0 0.5 -0.027864440896364417 5.5 4.25 -4.909079727618632 158.73699951171875
9039 12701 124.0 0.5 37.25502968698676 130.5 1.75 19.411273330235836 91.43779754638672
9025 6101 136.0 0.5 -60.25514149628117 154.0 2.5 22.902744350724955 141.01800537109375
8612 6102 2.5 3.75 3.0325815015051987 147.5 9.0 0.45147745570523057 163.06900024414062
8133 6103 1.0 8.999999999999996 -42.64688953854784 67.5 25.75 0.5452431567503337 85.96900177001953
9881 3704 6.5 0.5 0.0 88.5 5.25 -3.6464627053178873 79.20929718017578
8983 12704 138.5 0.5 12.60974562261812 93.5 0.5 -21.524362354245643 155.0919952392578
8600 9101 12.0 0.5 -53.36088444630623 143.0 0.5 37.01032319742566 95.44059753417969
9029 9101 57.0 0.75 -10.401525611466667 59.0 5.0 -1.047148094474867 56.75450134277344
8329 9101 96.5 0.5 91.38707711722013 160.0 2.5 -18.171623697439525 113.16400146484375
8322 3702 47.0 0.5 29.34470044665754 92.0 4.75 8.511898147642981 99.2437973022461
8331 3701 10.0 0.5 0.0 125.5 18.25 5.480261494980923 119.2030029296875
8466 3701 127.0 1.0 2.905473279829444 48.5 7.25 8.015612920125324 40.387699127197266
8990 12702 57.0 0.5 21.643285672936017 157.0 0.5 17.384674432157077 165.67999267578125
8999 3702 149.5 0.5 -34.67952728474414 2.5 89.75 -7.141777980050936 71.53880310058594
8595 12704 82.5 0.5 -58.08733753571731 149.5 4.0 0.0 14.89490032196045
