Plate IFU
8274 12705
8612 1901
8256 12705
8153 9101
8153 6104
8077 6101
8154 6103
8081 12701
8135 6102
8137 3701
8143 6104
9512 6102
10001 9102
9182 3703
8548 3701
9026 12701
8612 6101
8618 6104
8555 3701
8938 9102
8992 12705
8249 6103
8456 6103
8454 9101
7960 3701
7968 3703
9864 12705
8597 3703
8149 12705
8942 3701
8592 3701
9037 6103
8551 3704
8258 6102
8257 3701
8261 9101
8317 12701
8318 12701
9041 12705
8945 6102
9048 1901
9888 1902
8134 6101
8720 3703
8132 1901
8712 3704
9491 3704
9507 3701
8943 3703
8943 9102
8445 3702
8982 3704
9881 6104
8450 6104
8311 6103
9881 9101
8483 3703
9185 9102
9025 6101
8329 9101
8331 3701
8990 12702
